ptg000001l	0	100000	17.803	134.1020355
ptg000001l	100000	200000	3.918	96.9241028
ptg000001l	200000	300000	3.38	115.6718903
ptg000001l	300000	400000	4.481	116.2915802
ptg000001l	400000	500000	8.024	112.1376114
ptg000001l	500000	600000	4.213	106.056633
ptg000001l	600000	700000	3.482	89.3874207
ptg000001l	700000	800000	4.754	114.6007919
ptg000001l	800000	900000	7.745	101.2061768
ptg000001l	900000	1000000	6.618	101.0409775
ptg000001l	1000000	1100000	4.737	104.3340988
ptg000001l	1100000	1200000	11.332	105.1576385
ptg000001l	1200000	1300000	6.197	101.0163116
ptg000001l	1300000	1400000	9.826	103.8167877
ptg000001l	1400000	1500000	7.26	103.0089874
ptg000001l	1500000	1600000	5.684	121.9649582
ptg000001l	1600000	1700000	4.243	111.2007294
ptg000001l	1700000	1800000	14.558	108.8485336
ptg000001l	1800000	1900000	9.185	129.360321
ptg000001l	1900000	2000000	2.992	107.9753036
ptg000001l	2000000	2100000	11.079	102.9201965
ptg000001l	2100000	2200000	9.658	103.9703827
ptg000001l	2200000	2300000	6.949	104.827713
ptg000001l	2300000	2400000	11.078	118.5043488
ptg000001l	2400000	2500000	13.552	102.3495102
ptg000001l	2500000	2600000	11.647	100.7308578
ptg000001l	2600000	2700000	8.861	110.9027863
ptg000001l	2700000	2800000	4.525	109.5769196
ptg000001l	2800000	2900000	7.154	116.4498367
ptg000001l	2900000	3000000	13.585	100.7856293
ptg000001l	3000000	3100000	8.724	101.6859436
ptg000001l	3100000	3200000	21.317	83.112442
ptg000001l	3200000	3300000	12.223	108.7532806
ptg000001l	3300000	3400000	15.629	96.264061
ptg000001l	3400000	3500000	12.018	103.9591217
ptg000001l	3500000	3600000	10.099	96.2054977
ptg000001l	3600000	3700000	12.388	93.8689423
ptg000001l	3700000	3800000	5.323	96.9103928
ptg000001l	3800000	3900000	10.931	103.6078415
ptg000001l	3900000	4000000	6.082	108.578331
ptg000001l	4000000	4100000	9.707	99.0136719
ptg000001l	4100000	4200000	22.393	100.056488
ptg000001l	4200000	4300000	17.643	85.1992798
ptg000001l	4300000	4400000	13.193	113.2804108
ptg000001l	4400000	4500000	11.45	93.0028
ptg000001l	4500000	4600000	7.748	90.9559937
ptg000001l	4600000	4700000	18.976	91.6550217
ptg000001l	4700000	4800000	14.173	82.3273773
ptg000001l	4800000	4900000	20.282	92.6380768
ptg000001l	4900000	5000000	20.442	98.6958771
ptg000001l	5000000	5100000	27.859	167.3916473
ptg000001l	5100000	5184750	89.1162	412.9654236
ptg000002l	0	100000	5.592	136.5840454
ptg000002l	100000	200000	11.481	78.4095078
ptg000002l	200000	300000	14.396	81.9276199
ptg000002l	300000	400000	11.772	81.0808487
ptg000002l	400000	500000	18.575	100.8113785
ptg000002l	500000	600000	10.863	102.2894821
ptg000002l	600000	700000	26.744	94.5196075
ptg000002l	700000	800000	16.384	99.992691
ptg000002l	800000	900000	42.603	64.9143906
ptg000002l	900000	1000000	17.914	79.0186615
ptg000002l	1000000	1100000	25.391	108.4110718
ptg000002l	1100000	1200000	25.433	104.222847
ptg000002l	1200000	1300000	10.327	114.7339706
ptg000002l	1300000	1400000	16.821	88.6344604
ptg000002l	1400000	1500000	18.94	100.2036819
ptg000002l	1500000	1600000	14.243	120.1239395
ptg000002l	1600000	1700000	10.844	115.219902
ptg000002l	1700000	1800000	14.469	93.4120865
ptg000002l	1800000	1900000	8.898	107.0890808
ptg000002l	1900000	2000000	17.599	98.2060623
ptg000002l	2000000	2100000	14.241	92.6495819
ptg000002l	2100000	2200000	11.832	103.3479919
ptg000002l	2200000	2300000	17.869	89.383049
ptg000002l	2300000	2400000	17.027	93.1731186
ptg000002l	2400000	2500000	7.821	109.4658279
ptg000002l	2500000	2600000	19.012	86.7899933
ptg000002l	2600000	2700000	13.251	106.3230133
ptg000002l	2700000	2800000	7.565	95.729599
ptg000002l	2800000	2900000	5.583	109.6827698
ptg000002l	2900000	3000000	7.136	108.5695419
ptg000002l	3000000	3100000	18.519	106.0746918
ptg000002l	3100000	3200000	9.595	107.2758865
ptg000002l	3200000	3300000	23.47	98.0445786
ptg000002l	3300000	3400000	29.253	94.2233582
ptg000002l	3400000	3500000	17.794	107.4776077
ptg000002l	3500000	3600000	15.27	95.8419418
ptg000002l	3600000	3700000	12.496	112.6779709
ptg000002l	3700000	3800000	26.315	100.7792206
ptg000002l	3800000	3900000	10.273	105.4865799
ptg000002l	3900000	4000000	8.544	104.7629623
ptg000002l	4000000	4100000	6.628	108.2687531
ptg000002l	4100000	4200000	12.268	92.2926788
ptg000002l	4200000	4300000	56.675	288.1156921
ptg000002l	4300000	4304116	0	90.6605911
ptg000004l	0	100000	11.115	73.4386826
ptg000004l	100000	200000	17.859	71.3500671
ptg000004l	200000	300000	36.839	59.8621292
ptg000004l	300000	400000	18.002	95.3470078
ptg000004l	400000	500000	15.984	105.6277008
ptg000004l	500000	600000	21.726	97.2067719
ptg000004l	600000	700000	11.982	88.368103
ptg000004l	700000	800000	6.13	95.098671
ptg000004l	800000	900000	9.232	95.0615311
ptg000004l	900000	1000000	12.039	95.5845566
ptg000004l	1000000	1100000	15.362	98.0172577
ptg000004l	1100000	1200000	17.202	139.9337463
ptg000004l	1200000	1300000	7.528	102.3587723
ptg000004l	1300000	1400000	25.014	106.5317078
ptg000004l	1400000	1500000	27.429	92.2407532
ptg000004l	1500000	1600000	25.107	95.6903763
ptg000004l	1600000	1700000	12.948	95.122673
ptg000004l	1700000	1800000	18.603	96.5260773
ptg000004l	1800000	1900000	17.982	103.75
ptg000004l	1900000	2000000	17.028	101.5413971
ptg000004l	2000000	2100000	9.167	99.8425369
ptg000004l	2100000	2200000	25.051	116.7896271
ptg000004l	2200000	2300000	22.945	96.7142334
ptg000004l	2300000	2400000	24.246	80.3382721
ptg000004l	2400000	2500000	21.028	92.0529709
ptg000004l	2500000	2600000	5.141	107.0810623
ptg000004l	2600000	2700000	3.559	99.0676117
ptg000004l	2700000	2800000	12.298	113.6264801
ptg000004l	2800000	2900000	13.944	128.9808655
ptg000004l	2900000	3000000	35.809	114.8972015
ptg000004l	3000000	3100000	11.126	82.4018326
ptg000004l	3100000	3200000	20.417	89.2693481
ptg000004l	3200000	3300000	13.579	89.871727
ptg000004l	3300000	3400000	17.369	92.0203171
ptg000004l	3400000	3500000	15.232	99.0752029
ptg000004l	3500000	3600000	14.03	101.6830978
ptg000004l	3600000	3700000	18.373	96.4115906
ptg000004l	3700000	3800000	9.442	99.6025238
ptg000004l	3800000	3900000	16.503	101.4996796
ptg000004l	3900000	4000000	9.41	101.081398
ptg000004l	4000000	4100000	6.949	112.4170914
ptg000004l	4100000	4200000	4.396	97.6001816
ptg000004l	4200000	4300000	1.722	95.8147812
ptg000004l	4300000	4400000	15.481	106.669899
ptg000004l	4400000	4500000	5.418	105.2125015
ptg000004l	4500000	4564988	10.4881	79.0622253
ptg000005l	0	100000	42.208	66.9784622
ptg000005l	100000	200000	38.932	143.33815
ptg000005l	200000	300000	39.976	91.8817291
ptg000005l	300000	400000	42.883	110.6069031
ptg000005l	400000	500000	45.455	92.880928
ptg000005l	500000	600000	39.179	69.6582413
ptg000005l	600000	700000	36.892	68.8646622
ptg000005l	700000	800000	41.884	75.4602585
ptg000005l	800000	900000	51.366	63.5429001
ptg000005l	900000	1000000	49.793	53.65625
ptg000005l	1000000	1100000	44.32	86.9044724
ptg000005l	1100000	1200000	51.661	48.5735283
ptg000005l	1200000	1300000	54.211	71.9302292
ptg000005l	1300000	1400000	43.657	43.5740395
ptg000005l	1400000	1500000	47.722	65.5058823
ptg000005l	1500000	1600000	45.49	61.5211983
ptg000005l	1600000	1700000	46.431	59.4527588
ptg000005l	1700000	1800000	46.457	60.0117798
ptg000005l	1800000	1900000	45.772	90.68573
ptg000005l	1900000	2000000	48.942	66.5488129
ptg000005l	2000000	2100000	41.502	51.0540886
ptg000005l	2100000	2200000	11.881	30.4377403
ptg000005l	2200000	2300000	19.229	142.7175751
ptg000005l	2300000	2400000	50.689	53.6430206
ptg000005l	2400000	2500000	47.832	90.4180603
ptg000005l	2500000	2600000	34.258	51.5153503
ptg000005l	2600000	2700000	41.362	70.78862
ptg000005l	2700000	2800000	58.285	72.6099319
ptg000005l	2800000	2900000	39.832	64.1233673
ptg000005l	2900000	2947461	61.324	71.1236572
ptg000007l	0	31417	91.651	584.6488037
ptg000008l	0	100000	16.458	54.5604401
ptg000008l	100000	200000	17.126	64.8232727
ptg000008l	200000	300000	15.336	49.4705009
ptg000008l	300000	400000	17.583	52.3686714
ptg000008l	400000	450437	17.5546	37.5946426
ptg000009l	0	100000	4.699	96.2845612
ptg000009l	100000	200000	6.528	112.6113586
ptg000009l	200000	300000	11.587	94.1787109
ptg000009l	300000	400000	7.633	97.5061874
ptg000009l	400000	500000	6.46	107.5484467
ptg000009l	500000	600000	7.823	98.2069473
ptg000009l	600000	700000	16.005	78.8577576
ptg000009l	700000	800000	10.796	102.5270767
ptg000009l	800000	900000	8.857	110.9501038
ptg000009l	900000	1000000	9.401	89.9450226
ptg000009l	1000000	1100000	20.419	83.8511734
ptg000009l	1100000	1200000	36.544	90.2327271
ptg000009l	1200000	1300000	32.879	107.7372284
ptg000009l	1300000	1400000	22.337	90.1042328
ptg000009l	1400000	1500000	27.471	78.5514221
ptg000009l	1500000	1600000	19.851	56.1721191
ptg000009l	1600000	1700000	13.102	67.3826675
ptg000009l	1700000	1800000	14.941	69.8983231
ptg000009l	1800000	1900000	20.959	64.3499908
ptg000009l	1900000	2000000	5.721	65.0950623
ptg000009l	2000000	2100000	8.52	57.4746704
ptg000009l	2100000	2200000	26.836	53.3345909
ptg000009l	2200000	2300000	27.313	65.503273
ptg000009l	2300000	2400000	17.232	66.655899
ptg000009l	2400000	2500000	25.159	89.1552734
ptg000009l	2500000	2600000	18.652	106.1616211
ptg000009l	2600000	2700000	10.789	89.8866119
ptg000009l	2700000	2800000	5.492	120.5774918
ptg000009l	2800000	2900000	12.289	92.1144104
ptg000009l	2900000	3000000	30.074	87.7422333
ptg000009l	3000000	3100000	30.676	100.5637283
ptg000009l	3100000	3200000	22.904	101.8951035
ptg000009l	3200000	3300000	10.02	96.943512
ptg000009l	3300000	3400000	32.721	92.8080215
ptg000009l	3400000	3500000	16.926	113.5019913
ptg000009l	3500000	3600000	17.126	115.3851166
ptg000009l	3600000	3700000	15.929	93.110199
ptg000009l	3700000	3800000	11.195	93.5924683
ptg000009l	3800000	3900000	11.179	101.0709534
ptg000009l	3900000	4000000	18.292	92.8394318
ptg000009l	4000000	4100000	19.133	78.2997284
ptg000009l	4100000	4200000	17.508	108.5447235
ptg000009l	4200000	4300000	20.518	101.6401825
ptg000009l	4300000	4400000	30.351	84.9814911
ptg000009l	4400000	4500000	30.724	91.7658691
ptg000009l	4500000	4600000	26.96	88.6005783
ptg000009l	4600000	4655880	18.9352	49.5177536
ptg000010l	0	77986	31.0261	62.314991
ptg000011l	0	100000	24.658	70.6303101
ptg000011l	100000	200000	7.942	87.877037
ptg000011l	200000	300000	4.06	106.6512299
ptg000011l	300000	400000	8.437	114.2873688
ptg000011l	400000	500000	5.455	111.5537415
ptg000011l	500000	600000	1.847	104.3440933
ptg000011l	600000	700000	10.05	114.9143829
ptg000011l	700000	800000	3.626	107.9239807
ptg000011l	800000	900000	11.929	99.2181473
ptg000011l	900000	1000000	1.56	110.1665268
ptg000011l	1000000	1100000	3.85	115.1720963
ptg000011l	1100000	1200000	3.287	113.1685486
ptg000011l	1200000	1300000	6.088	104.6408081
ptg000011l	1300000	1400000	14.394	103.7309494
ptg000011l	1400000	1500000	18.798	125.4621201
ptg000011l	1500000	1600000	8.643	108.6158371
ptg000011l	1600000	1700000	3.574	96.9948425
ptg000011l	1700000	1800000	4.366	109.6172791
ptg000011l	1800000	1900000	15.29	106.4066315
ptg000011l	1900000	2000000	3.68	99.1955795
ptg000011l	2000000	2100000	6.128	103.8159866
ptg000011l	2100000	2200000	5.423	104.9333801
ptg000011l	2200000	2300000	11.474	113.7659988
ptg000011l	2300000	2400000	6.185	110.9903336
ptg000011l	2400000	2500000	9.185	99.9411926
ptg000011l	2500000	2600000	18.847	94.6095886
ptg000011l	2600000	2700000	6.753	112.1702499
ptg000011l	2700000	2800000	18.352	105.5765076
ptg000011l	2800000	2900000	14.396	103.4195328
ptg000011l	2900000	3000000	16.143	100.4660568
ptg000011l	3000000	3100000	8.123	113.8221664
ptg000011l	3100000	3200000	17.364	93.8128815
ptg000011l	3200000	3300000	5.925	105.4225388
ptg000011l	3300000	3400000	3.744	98.5218811
ptg000011l	3400000	3500000	6.337	111.2298813
ptg000011l	3500000	3600000	6.531	94.1108932
ptg000011l	3600000	3700000	7.099	103.3969193
ptg000011l	3700000	3800000	5.038	80.6177979
ptg000011l	3800000	3900000	10.164	99.0275116
ptg000011l	3900000	4000000	7.266	101.2257233
ptg000011l	4000000	4100000	3.299	126.9598389
ptg000011l	4100000	4200000	10.491	109.2221832
ptg000011l	4200000	4300000	7.378	94.0036087
ptg000011l	4300000	4400000	9.3	103.2484818
ptg000011l	4400000	4500000	10.43	104.8972321
ptg000011l	4500000	4600000	8.669	88.7659531
ptg000011l	4600000	4700000	31.89	120.4604111
ptg000011l	4700000	4800000	10.694	108.1490784
ptg000011l	4800000	4900000	9.318	111.9951019
ptg000011l	4900000	5000000	12.328	100.0241928
ptg000011l	5000000	5100000	10.217	106.4826431
ptg000011l	5100000	5200000	13.323	84.8608704
ptg000011l	5200000	5300000	26.371	91.9871826
ptg000011l	5300000	5400000	10.695	86.9894714
ptg000011l	5400000	5500000	15.893	85.1845779
ptg000011l	5500000	5600000	51.289	248.9562073
ptg000011l	5600000	5654655	92.8259	935.9338989
ptg000012l	0	100000	6.497	114.5357513
ptg000012l	100000	200000	11.457	105.8296204
ptg000012l	200000	300000	17.743	108.1924515
ptg000012l	300000	400000	30.294	99.5043106
ptg000012l	400000	500000	16.141	108.972229
ptg000012l	500000	600000	9.37	102.928421
ptg000012l	600000	700000	15.639	101.6483688
ptg000012l	700000	800000	20.924	100.098587
ptg000012l	800000	900000	16.379	94.7487869
ptg000012l	900000	1000000	18.872	100.4250183
ptg000012l	1000000	1100000	9.384	110.3547363
ptg000012l	1100000	1200000	9.479	111.9869995
ptg000012l	1200000	1300000	14.498	120.196312
ptg000012l	1300000	1400000	9.893	134.0272522
ptg000012l	1400000	1500000	9.039	116.3737869
ptg000012l	1500000	1600000	6.95	95.4192123
ptg000012l	1600000	1700000	20.982	90.8347397
ptg000012l	1700000	1800000	33.779	101.9495697
ptg000012l	1800000	1900000	25.47	110.4122162
ptg000012l	1900000	2000000	15.461	86.8216019
ptg000012l	2000000	2100000	17.101	49.7911682
ptg000012l	2100000	2200000	29.176	49.4780312
ptg000012l	2200000	2300000	23.419	57.4206314
ptg000012l	2300000	2400000	15.251	52.2681198
ptg000012l	2400000	2500000	44.408	92.985733
ptg000012l	2500000	2600000	34.039	138.439743
ptg000012l	2600000	2700000	23.013	91.1794128
ptg000012l	2700000	2730947	93.5858	296.1039429
ptg000014l	0	100000	0.383	366.3249512
ptg000014l	100000	200000	22.922	80.1412125
ptg000014l	200000	300000	19.82	86.0531464
ptg000014l	300000	400000	22.207	102.0141907
ptg000014l	400000	500000	29.581	91.5239792
ptg000014l	500000	600000	29.434	79.3007126
ptg000014l	600000	700000	26.844	89.1021118
ptg000014l	700000	800000	23.491	94.9704132
ptg000014l	800000	900000	43.678	195.0436859
ptg000014l	900000	1000000	49.219	117.4822388
ptg000014l	1000000	1100000	38.473	159.0566406
ptg000014l	1100000	1200000	41.877	76.1689377
ptg000014l	1200000	1300000	23.904	85.3163223
ptg000014l	1300000	1400000	13.588	99.693367
ptg000014l	1400000	1500000	11.414	101.5476303
ptg000014l	1500000	1600000	18.399	106.6512222
ptg000014l	1600000	1700000	35.419	81.2681274
ptg000014l	1700000	1800000	34.908	73.3729324
ptg000014l	1800000	1900000	27.428	56.6591797
ptg000014l	1900000	1948904	29.5518	58.5459862
ptg000015l	0	100000	15.755	85.9429779
ptg000015l	100000	200000	12.954	111.1768417
ptg000015l	200000	300000	6.665	108.0117111
ptg000015l	300000	400000	7.685	102.4341583
ptg000015l	400000	500000	9.903	101.797493
ptg000015l	500000	600000	4.151	103.2837372
ptg000015l	600000	700000	2.438	106.8956909
ptg000015l	700000	800000	20.384	143.1568451
ptg000015l	800000	900000	24.645	99.2486115
ptg000015l	900000	1000000	23.606	83.4432526
ptg000015l	1000000	1100000	11.61	86.755043
ptg000015l	1100000	1200000	21.124	85.0751572
ptg000015l	1200000	1300000	9.254	93.4683533
ptg000015l	1300000	1382591	18.5238	47.567215
ptg000017l	0	100000	35.453	84.8502121
ptg000017l	100000	200000	6.888	110.8171463
ptg000017l	200000	300000	7.021	116.8095169
ptg000017l	300000	400000	8.414	107.6075363
ptg000017l	400000	500000	3.895	91.8788681
ptg000017l	500000	600000	2.22	108.1150818
ptg000017l	600000	700000	3.48	99.3842087
ptg000017l	700000	800000	2.751	105.2172928
ptg000017l	800000	900000	6.205	108.0439529
ptg000017l	900000	1000000	2.647	104.8570023
ptg000017l	1000000	1100000	7.068	114.6606827
ptg000017l	1100000	1200000	1.285	103.4788208
ptg000017l	1200000	1300000	2.531	110.0494614
ptg000017l	1300000	1400000	2.576	114.3434525
ptg000017l	1400000	1500000	9.883	100.1382675
ptg000017l	1500000	1600000	11.074	102.1651611
ptg000017l	1600000	1700000	3.223	99.606781
ptg000017l	1700000	1800000	3.064	97.2797623
ptg000017l	1800000	1900000	1.298	100.6143723
ptg000017l	1900000	2000000	11.05	110.8947296
ptg000017l	2000000	2100000	18.306	109.6665497
ptg000017l	2100000	2200000	42.771	95.7042313
ptg000017l	2200000	2300000	8.385	111.31427
ptg000017l	2300000	2400000	7.619	107.4251404
ptg000017l	2400000	2500000	5.158	110.4244919
ptg000017l	2500000	2600000	8.848	107.7384109
ptg000017l	2600000	2700000	5.19	94.5663986
ptg000017l	2700000	2800000	3.885	122.9375534
ptg000017l	2800000	2900000	2.406	102.5908203
ptg000017l	2900000	3000000	5.724	112.9111481
ptg000017l	3000000	3100000	25.945	91.6986771
ptg000017l	3100000	3200000	9.784	112.4928894
ptg000017l	3200000	3300000	12.569	96.8187637
ptg000017l	3300000	3400000	4.361	103.1468887
ptg000017l	3400000	3500000	18.213	125.4465714
ptg000017l	3500000	3600000	22.248	89.2810974
ptg000017l	3600000	3700000	29.656	92.5058975
ptg000017l	3700000	3800000	7.581	120.9130096
ptg000017l	3800000	3900000	8.818	92.5052872
ptg000017l	3900000	4000000	14.278	105.7962723
ptg000017l	4000000	4100000	7.825	108.7957993
ptg000017l	4100000	4200000	17.309	102.8383102
ptg000017l	4200000	4300000	5.8	107.3248978
ptg000017l	4300000	4400000	15.152	79.6548767
ptg000017l	4400000	4500000	18.922	93.2753601
ptg000017l	4500000	4600000	17.496	56.2215881
ptg000017l	4600000	4700000	11.639	57.1260185
ptg000017l	4700000	4727703	13.4245	121.086525
ptg000018l	0	100000	16.919	85.7660904
ptg000018l	100000	200000	11.688	95.3971634
ptg000018l	200000	300000	4.023	115.1212997
ptg000018l	300000	400000	7.282	98.5229721
ptg000018l	400000	500000	2.916	111.5379791
ptg000018l	500000	600000	7.589	111.1717834
ptg000018l	600000	700000	15.492	121.7244186
ptg000018l	700000	716652	6.86404	42.8623581
ptg000019l	0	100000	10.318	105.9180298
ptg000019l	100000	200000	15.072	90.0807419
ptg000019l	200000	300000	25.799	63.2268715
ptg000019l	300000	400000	34.14	53.7119408
ptg000019l	400000	500000	20.724	99.5185013
ptg000019l	500000	600000	20.506	79.1581268
ptg000019l	600000	700000	16.236	94.2017288
ptg000019l	700000	800000	16.648	89.467041
ptg000019l	800000	900000	17.812	83.3419876
ptg000019l	900000	1000000	17.996	84.9154587
ptg000019l	1000000	1100000	11.072	92.7081909
ptg000019l	1100000	1200000	13.89	87.756752
ptg000019l	1200000	1300000	9.291	99.8707581
ptg000019l	1300000	1400000	3.331	114.2673492
ptg000019l	1400000	1500000	11.339	96.6896591
ptg000019l	1500000	1600000	14.069	107.0767365
ptg000019l	1600000	1700000	14.473	86.1690826
ptg000019l	1700000	1800000	17.094	90.8912811
ptg000019l	1800000	1900000	8.459	109.792038
ptg000019l	1900000	2000000	12.516	107.0050812
ptg000019l	2000000	2100000	26.425	82.4626312
ptg000019l	2100000	2200000	14.107	108.8574524
ptg000019l	2200000	2300000	9.076	114.0585098
ptg000019l	2300000	2400000	22.768	102.3334808
ptg000019l	2400000	2500000	18.912	90.4412003
ptg000019l	2500000	2600000	14.412	109.3738632
ptg000019l	2600000	2700000	15.469	89.7788162
ptg000019l	2700000	2800000	33.354	66.7787704
ptg000019l	2800000	2900000	16.206	77.3397598
ptg000019l	2900000	3000000	15.017	85.7427063
ptg000019l	3000000	3100000	16.818	117.9356232
ptg000019l	3100000	3200000	3.557	120.5834885
ptg000019l	3200000	3300000	13.423	105.8285675
ptg000019l	3300000	3400000	4.623	116.4585571
ptg000019l	3400000	3500000	6.8	110.0557709
ptg000019l	3500000	3600000	25.071	129.2106323
ptg000019l	3600000	3700000	14.971	82.9499283
ptg000019l	3700000	3800000	19.837	100.4060822
ptg000019l	3800000	3900000	5.864	114.3666687
ptg000019l	3900000	4000000	14.875	84.3496323
ptg000019l	4000000	4100000	29.022	96.5736923
ptg000019l	4100000	4200000	11.479	110.9717407
ptg000019l	4200000	4300000	4.76	124.4390793
ptg000019l	4300000	4400000	4.75	130.7438812
ptg000019l	4400000	4500000	6.05	115.8768082
ptg000019l	4500000	4600000	1.495	111.3868332
ptg000019l	4600000	4700000	5.174	92.9112396
ptg000019l	4700000	4800000	7.068	114.1719284
ptg000019l	4800000	4900000	4.085	103.8037109
ptg000019l	4900000	5000000	6.278	98.0598907
ptg000019l	5000000	5100000	4.873	107.3360825
ptg000019l	5100000	5200000	14.095	96.33358
ptg000019l	5200000	5216914	8.7265	50.2236023
ptg000020l	0	100000	17.89	101.1607132
ptg000020l	100000	200000	23.252	53.0310516
ptg000020l	200000	300000	21.645	84.9938126
ptg000020l	300000	400000	20.085	105.8999405
ptg000020l	400000	500000	33.351	74.2434921
ptg000020l	500000	600000	18.994	102.2138214
ptg000020l	600000	700000	52.344	88.6108017
ptg000020l	700000	800000	7.109	101.1480789
ptg000020l	800000	900000	11.721	90.5168915
ptg000020l	900000	1000000	9.695	60.2520599
ptg000020l	1000000	1089861	25.8766	48.4615364
ptg000022l	0	100000	15.455	115.8860626
ptg000022l	100000	200000	14.87	88.4352264
ptg000022l	200000	300000	18.666	109.765831
ptg000022l	300000	400000	14.161	120.4820175
ptg000022l	400000	500000	4.121	106.6811371
ptg000022l	500000	600000	19.671	86.5772095
ptg000022l	600000	700000	16.932	92.3244705
ptg000022l	700000	800000	19.879	100.7519913
ptg000022l	800000	900000	9.124	95.013382
ptg000022l	900000	1000000	9.353	103.8130035
ptg000022l	1000000	1100000	5.516	97.6038513
ptg000022l	1100000	1200000	5.611	118.6086807
ptg000022l	1200000	1300000	8.785	105.9125137
ptg000022l	1300000	1400000	10.719	100.9650192
ptg000022l	1400000	1500000	7.238	95.477562
ptg000022l	1500000	1600000	2.14	103.8574066
ptg000022l	1600000	1700000	2.963	115.1796799
ptg000022l	1700000	1800000	7.733	111.2126465
ptg000022l	1800000	1900000	6.094	115.8139801
ptg000022l	1900000	2000000	3.244	102.2399673
ptg000022l	2000000	2100000	15.616	105.2330093
ptg000022l	2100000	2200000	9.583	96.1852798
ptg000022l	2200000	2300000	5.111	103.2480392
ptg000022l	2300000	2400000	2.196	116.0397491
ptg000022l	2400000	2500000	3.414	112.2069626
ptg000022l	2500000	2600000	3.965	116.3074036
ptg000022l	2600000	2700000	8.996	110.5094299
ptg000022l	2700000	2800000	5.801	109.6598511
ptg000022l	2800000	2900000	1.345	105.0079803
ptg000022l	2900000	3000000	10.117	85.2860489
ptg000022l	3000000	3100000	3.432	117.5314484
ptg000022l	3100000	3200000	6.578	120.4496689
ptg000022l	3200000	3300000	2.458	107.5211487
ptg000022l	3300000	3400000	4.439	107.6131363
ptg000022l	3400000	3500000	7.34	103.0187683
ptg000022l	3500000	3600000	4.858	104.7974396
ptg000022l	3600000	3700000	2.578	100.7931824
ptg000022l	3700000	3800000	5.016	101.3848877
ptg000022l	3800000	3900000	56.515	169.7290649
ptg000022l	3900000	3987529	93.5187	250.2955627
ptg000024l	0	100000	26.368	150.5393677
ptg000024l	100000	200000	15.554	95.0155716
ptg000024l	200000	300000	6.29	108.7719421
ptg000024l	300000	400000	8.577	81.8486099
ptg000024l	400000	500000	9.108	88.1717072
ptg000024l	500000	600000	20.778	95.0090179
ptg000025l	0	100000	13.494	96.435112
ptg000025l	100000	200000	19.449	121.2103729
ptg000025l	200000	300000	20.197	105.6538696
ptg000025l	300000	400000	19.97	104.589241
ptg000025l	400000	500000	13.128	115.3650894
ptg000025l	500000	600000	17.381	141.3184814
ptg000025l	600000	700000	12.138	105.474411
ptg000025l	700000	800000	12.243	115.0154266
ptg000025l	800000	900000	24.342	241.2054443
ptg000025l	900000	1000000	8.206	116.0155869
ptg000025l	1000000	1100000	2.373	115.3635101
ptg000025l	1100000	1200000	3.515	120.7663498
ptg000025l	1200000	1300000	4.112	101.3186264
ptg000025l	1300000	1400000	5.895	113.9890289
ptg000025l	1400000	1500000	7.856	107.9463425
ptg000025l	1500000	1600000	6.03	130.1385651
ptg000025l	1600000	1700000	14.741	108.2655563
ptg000025l	1700000	1800000	15.252	108.0381088
ptg000025l	1800000	1900000	13.262	112.9878387
ptg000025l	1900000	2000000	22.307	107.7595367
ptg000025l	2000000	2100000	21.236	87.4170837
ptg000025l	2100000	2200000	15.571	95.7093887
ptg000025l	2200000	2300000	13.975	114.1973419
ptg000025l	2300000	2400000	9.699	92.5412827
ptg000025l	2400000	2500000	19.687	102.5214005
ptg000025l	2500000	2600000	20.519	115.0515137
ptg000025l	2600000	2700000	20.825	86.2245636
ptg000025l	2700000	2800000	19.684	112.1517563
ptg000025l	2800000	2900000	15.92	90.2366333
ptg000025l	2900000	3000000	30.16	109.0848694
ptg000025l	3000000	3100000	22.295	95.0788498
ptg000025l	3100000	3200000	19.211	104.0599976
ptg000025l	3200000	3300000	9.765	104.7971115
ptg000025l	3300000	3400000	35.41	118.56707
ptg000025l	3400000	3500000	16.246	98.6632233
ptg000025l	3500000	3600000	30.657	92.1343384
ptg000025l	3600000	3623880	69.8869	212.5626526
ptg000026l	0	100000	16.106	92.6652298
ptg000026l	100000	200000	8.519	104.3927231
ptg000026l	200000	300000	10.514	116.4552307
ptg000026l	300000	400000	5.75	104.42733
ptg000026l	400000	500000	1.998	100.14505
ptg000026l	500000	600000	4.931	100.9666367
ptg000026l	600000	700000	1.697	103.8601913
ptg000026l	700000	800000	2.405	103.7849121
ptg000026l	800000	900000	10.741	114.2239532
ptg000026l	900000	1000000	8.972	103.1034622
ptg000026l	1000000	1100000	6.949	103.1829376
ptg000026l	1100000	1200000	15.931	115.9237823
ptg000026l	1200000	1300000	6.624	103.4519882
ptg000026l	1300000	1400000	4.058	109.4846573
ptg000026l	1400000	1500000	7.499	104.4621735
ptg000026l	1500000	1600000	4.361	103.7636414
ptg000026l	1600000	1700000	5.628	100.107132
ptg000026l	1700000	1800000	13.699	118.0730972
ptg000026l	1800000	1900000	23.671	117.4094315
ptg000026l	1900000	2000000	17.383	91.8676682
ptg000026l	2000000	2100000	13.025	87.6996765
ptg000026l	2100000	2200000	12.211	101.6030731
ptg000026l	2200000	2300000	23.389	98.9074783
ptg000026l	2300000	2400000	12.689	97.2295227
ptg000026l	2400000	2500000	1.717	107.7465897
ptg000026l	2500000	2600000	8.528	112.7884827
ptg000026l	2600000	2700000	13.773	113.3704529
ptg000026l	2700000	2800000	10.596	93.1204605
ptg000026l	2800000	2900000	17.115	97.4609833
ptg000026l	2900000	3000000	16.908	101.6861191
ptg000026l	3000000	3100000	15.618	91.5530472
ptg000026l	3100000	3200000	66.88	142.9985962
ptg000026l	3200000	3262030	90.7029	304.2062683
ptg000027l	0	100000	7.228	108.8089676
ptg000027l	100000	200000	4.539	124.5697098
ptg000027l	200000	300000	7.877	95.0118408
ptg000027l	300000	400000	8.808	107.4180984
ptg000027l	400000	500000	3.525	122.928009
ptg000027l	500000	600000	3.92	106.9743805
ptg000027l	600000	700000	7.668	107.8646011
ptg000027l	700000	800000	4.352	109.8376389
ptg000027l	800000	900000	4.403	110.9601898
ptg000027l	900000	1000000	12.839	116.6550064
ptg000027l	1000000	1100000	14.582	106.7148285
ptg000027l	1100000	1200000	28.896	117.7533112
ptg000027l	1200000	1300000	15.378	96.7963562
ptg000027l	1300000	1400000	20.421	112.0992432
ptg000027l	1400000	1500000	7.249	110.96978
ptg000027l	1500000	1600000	3.449	111.1084595
ptg000027l	1600000	1700000	4.427	116.3053894
ptg000027l	1700000	1800000	3.168	112.2496185
ptg000027l	1800000	1900000	9.083	107.8586273
ptg000027l	1900000	2000000	3.107	96.9551773
ptg000027l	2000000	2100000	2.112	123.2492599
ptg000027l	2100000	2200000	6.418	110.0111237
ptg000027l	2200000	2300000	2.131	96.1660614
ptg000027l	2300000	2400000	7.41	84.7068329
ptg000027l	2400000	2500000	8.064	112.1606522
ptg000027l	2500000	2600000	18.118	107.7030487
ptg000027l	2600000	2674224	22.7069	63.2355309
ptg000028l	0	93109	93.5602	562.1799927
ptg000029l	0	100000	19.557	121.5806885
ptg000029l	100000	200000	25.193	88.6403732
ptg000029l	200000	300000	28.94	88.4745407
ptg000029l	300000	400000	29.521	82.757019
ptg000029l	400000	500000	62.228	93.1301117
ptg000029l	500000	600000	45.186	100.1288223
ptg000029l	600000	700000	26.623	90.6414185
ptg000029l	700000	800000	29.34	106.2856674
ptg000029l	800000	900000	28.136	119.0991364
ptg000029l	900000	1000000	39.301	75.0595932
ptg000029l	1000000	1100000	52.914	118.7879181
ptg000029l	1100000	1200000	44.449	120.4337769
ptg000029l	1200000	1300000	24.171	103.5411987
ptg000029l	1300000	1400000	22.006	107.7997589
ptg000029l	1400000	1479936	38.3357	109.5591354
ptg000030l	0	100000	1.312	104.6057816
ptg000030l	100000	200000	7.3	98.8123474
ptg000030l	200000	300000	4.261	103.8952484
ptg000030l	300000	400000	1.995	98.5039291
ptg000030l	400000	500000	5.162	110.365181
ptg000030l	500000	600000	11.898	95.1789627
ptg000030l	600000	700000	0.902	101.0742569
ptg000030l	700000	800000	8.423	111.3827896
ptg000030l	800000	900000	10.393	113.4341965
ptg000030l	900000	1000000	2.681	104.7333374
ptg000030l	1000000	1100000	5.97	98.7383575
ptg000030l	1100000	1200000	8.641	109.7811813
ptg000030l	1200000	1300000	16.079	92.2448807
ptg000030l	1300000	1400000	10.456	94.9432831
ptg000030l	1400000	1500000	30.149	241.4136353
ptg000030l	1500000	1600000	12.768	125.0132065
ptg000030l	1600000	1700000	11.008	105.2049637
ptg000030l	1700000	1800000	6.805	100.3075638
ptg000030l	1800000	1900000	12.261	104.0192032
ptg000030l	1900000	2000000	10.074	96.5720901
ptg000030l	2000000	2100000	28.555	83.0908127
ptg000030l	2100000	2200000	11.389	101.1841736
ptg000030l	2200000	2300000	18.886	115.172142
ptg000030l	2300000	2400000	25.683	122.0920792
ptg000030l	2400000	2500000	15.494	106.1853409
ptg000030l	2500000	2600000	26.16	114.3721771
ptg000030l	2600000	2700000	16.041	95.1731186
ptg000030l	2700000	2800000	12.207	99.9952393
ptg000030l	2800000	2900000	14.576	105.9195938
ptg000030l	2900000	3000000	28.629	113.4717636
ptg000030l	3000000	3100000	46.572	109.0186462
ptg000030l	3100000	3200000	10.666	101.7806778
ptg000030l	3200000	3300000	20.372	101.8846664
ptg000030l	3300000	3400000	48.041	102.8569565
ptg000030l	3400000	3500000	36.854	99.7800217
ptg000030l	3500000	3600000	7.829	101.3421707
ptg000030l	3600000	3700000	6.123	107.7817001
ptg000030l	3700000	3800000	8.134	105.9492493
ptg000030l	3800000	3900000	15.299	100.6074982
ptg000030l	3900000	4000000	4.311	109.7431488
ptg000030l	4000000	4100000	17.613	93.5697632
ptg000030l	4100000	4200000	25.54	118.1447525
ptg000030l	4200000	4300000	38.075	98.0362701
ptg000030l	4300000	4400000	46.541	118.8045425
ptg000030l	4400000	4500000	46.801	103.5432129
ptg000030l	4500000	4600000	52.276	110.4987564
ptg000030l	4600000	4700000	27.049	106.9620132
ptg000030l	4700000	4800000	16.156	84.845108
ptg000030l	4800000	4900000	13.866	98.7398224
ptg000030l	4900000	5000000	56.011	244.7447205
ptg000030l	5000000	5100000	62.999	176.6209869
ptg000030l	5100000	5200000	59.12	142.2850647
ptg000030l	5200000	5300000	16.624	84.4711304
ptg000030l	5300000	5400000	7.977	95.2074432
ptg000030l	5400000	5483658	13.4835	121.3740234
ptg000031l	0	100000	36.263	166.9790649
ptg000031l	100000	200000	18.825	83.3439789
ptg000031l	200000	300000	16.09	98.583252
ptg000031l	300000	400000	22.955	92.6767807
ptg000031l	400000	500000	25.529	87.6462708
ptg000031l	500000	600000	17.164	104.4067535
ptg000031l	600000	700000	45.435	67.4162521
ptg000031l	700000	800000	27.508	98.7618027
ptg000031l	800000	900000	29.929	90.4207611
ptg000031l	900000	1000000	38.232	83.7460785
ptg000031l	1000000	1100000	17.11	107.6935196
ptg000031l	1100000	1200000	21.184	112.1197205
ptg000031l	1200000	1300000	7.849	87.2706299
ptg000031l	1300000	1400000	12.535	96.8631821
ptg000031l	1400000	1500000	5.217	95.5091705
ptg000031l	1500000	1600000	14.897	94.4260178
ptg000031l	1600000	1700000	5.396	107.2582016
ptg000031l	1700000	1800000	6.224	105.9933701
ptg000031l	1800000	1900000	8.981	95.6619415
ptg000031l	1900000	2000000	9.605	107.8965912
ptg000031l	2000000	2100000	9.017	63.4802208
ptg000031l	2100000	2200000	21.507	60.936039
ptg000031l	2200000	2300000	10.934	65.5163269
ptg000031l	2300000	2400000	15.483	58.5089493
ptg000031l	2400000	2479062	31.684	180.0052643
ptg000033l	0	100000	7.129	105.9428635
ptg000033l	100000	200000	15.707	102.4534988
ptg000033l	200000	300000	7.227	95.5493317
ptg000033l	300000	400000	14.263	63.2271614
ptg000033l	400000	500000	19.553	58.06987
ptg000033l	500000	600000	10.112	57.2734909
ptg000033l	600000	700000	23.437	62.8407516
ptg000033l	700000	800000	15.179	46.8577919
ptg000033l	800000	900000	19.952	74.7052765
ptg000033l	900000	1000000	30.198	89.4162216
ptg000033l	1000000	1100000	31.32	109.2350616
ptg000033l	1100000	1200000	19.39	92.7679062
ptg000033l	1200000	1300000	7.808	114.3764267
ptg000033l	1300000	1400000	3.156	113.9944992
ptg000033l	1400000	1486531	13.8921	88.2253647
ptg000034l	0	100000	84.461	340.7184448
ptg000034l	100000	200000	90.068	576.8365479
ptg000034l	200000	300000	83.691	267.3416138
ptg000034l	300000	311396	91.5497	145.7232361
ptg000035l	0	100000	14.017	83.376709
ptg000035l	100000	200000	15.146	65.1339417
ptg000035l	200000	300000	20.762	80.9199982
ptg000035l	300000	400000	13.853	70.3615723
ptg000035l	400000	500000	9.244	107.2424088
ptg000035l	500000	600000	17.646	111.1152267
ptg000035l	600000	700000	13.079	84.7519379
ptg000035l	700000	800000	4.195	88.6465073
ptg000035l	800000	900000	13.205	111.3927612
ptg000035l	900000	1000000	6.473	105.6783218
ptg000035l	1000000	1100000	20.215	100.9061203
ptg000035l	1100000	1200000	21.995	95.2828293
ptg000035l	1200000	1300000	9.739	103.9273911
ptg000035l	1300000	1400000	9.984	73.0626297
ptg000035l	1400000	1500000	9.596	59.1343613
ptg000035l	1500000	1600000	15.383	59.8301201
ptg000035l	1600000	1700000	19.028	60.2622108
ptg000035l	1700000	1800000	14.579	79.3311691
ptg000035l	1800000	1900000	7.085	59.9681282
ptg000035l	1900000	1969461	29.0436	100.3996201
ptg000036l	0	100000	11.957	63.0913887
ptg000036l	100000	200000	35.58	108.0774002
ptg000036l	200000	300000	12.443	101.5683289
ptg000036l	300000	400000	8.782	94.0639801
ptg000036l	400000	500000	9.893	108.8445816
ptg000036l	500000	600000	9.441	88.9763336
ptg000036l	600000	700000	7.366	115.6282578
ptg000036l	700000	800000	19.167	90.7191772
ptg000036l	800000	900000	9.12	84.2777405
ptg000036l	900000	1000000	15.137	92.382103
ptg000036l	1000000	1100000	13.238	108.2607269
ptg000036l	1100000	1200000	7.467	107.048172
ptg000036l	1200000	1300000	39.257	99.1831284
ptg000036l	1300000	1400000	7.966	98.4660263
ptg000036l	1400000	1500000	16.112	101.1331863
ptg000036l	1500000	1600000	12.007	82.02388
ptg000036l	1600000	1700000	15.435	115.3532104
ptg000036l	1700000	1800000	23.178	114.4623489
ptg000036l	1800000	1900000	11.508	100.0384216
ptg000036l	1900000	2000000	14.383	81.5162506
ptg000036l	2000000	2100000	32.274	83.7353973
ptg000036l	2100000	2200000	17.032	105.8685989
ptg000036l	2200000	2300000	8.627	98.1465988
ptg000036l	2300000	2400000	10.813	111.5103378
ptg000036l	2400000	2500000	13.426	98.150528
ptg000036l	2500000	2600000	26.864	73.2898331
ptg000036l	2600000	2700000	46.242	61.025219
ptg000036l	2700000	2800000	30.946	64.3207932
ptg000036l	2800000	2900000	20.283	57.7979202
ptg000036l	2900000	3000000	18.287	56.2609901
ptg000036l	3000000	3100000	46.561	55.1540108
ptg000036l	3100000	3200000	30.432	105.3276367
ptg000036l	3200000	3300000	28.117	53.402729
ptg000036l	3300000	3400000	19.53	61.3068886
ptg000036l	3400000	3500000	26.047	78.9821091
ptg000036l	3500000	3600000	24.313	53.6658592
ptg000036l	3600000	3700000	22.03	89.7516785
ptg000036l	3700000	3800000	26.409	57.5992203
ptg000036l	3800000	3900000	18.169	55.0262489
ptg000036l	3900000	3923985	46.7	54.9989586
ptg000039l	0	100000	13.733	64.6373825
ptg000039l	100000	200000	23.601	60.6320915
ptg000039l	200000	300000	23.182	119.4493408
ptg000039l	300000	400000	26.979	112.2385635
ptg000039l	400000	500000	32.697	142.6446533
ptg000039l	500000	600000	21.814	116.4018097
ptg000039l	600000	700000	15.17	113.0754929
ptg000039l	700000	800000	21.211	90.42099
ptg000039l	800000	900000	15.112	97.7429123
ptg000039l	900000	1000000	35.068	103.0543213
ptg000039l	1000000	1100000	51.06	90.0227585
ptg000039l	1100000	1200000	48.228	84.8747482
ptg000039l	1200000	1300000	27.233	108.7781906
ptg000039l	1300000	1400000	29.304	78.1248627
ptg000039l	1400000	1500000	29.814	83.9400711
ptg000039l	1500000	1507571	0	34.4733849
ptg000040l	0	100000	25.561	46.8886414
ptg000040l	100000	200000	33.376	91.7027817
ptg000040l	200000	300000	33.442	99.2927017
ptg000040l	300000	400000	62.571	92.4669876
ptg000040l	400000	500000	20.814	101.0164337
ptg000040l	500000	600000	25.669	109.3833618
ptg000040l	600000	700000	5.367	114.00354
ptg000040l	700000	800000	21.078	82.2132034
ptg000040l	800000	900000	21.469	94.2993469
ptg000040l	900000	1000000	13.134	121.3165131
ptg000040l	1000000	1100000	11.364	109.1503525
ptg000040l	1100000	1200000	10.298	101.1343002
ptg000040l	1200000	1300000	18.403	109.815239
ptg000040l	1300000	1400000	15.107	88.1421432
ptg000040l	1400000	1500000	15.103	90.222847
ptg000040l	1500000	1600000	21.184	92.8088837
ptg000040l	1600000	1700000	15.257	85.5064926
ptg000040l	1700000	1800000	30.397	150.0525513
ptg000040l	1800000	1900000	47.842	190.3451233
ptg000040l	1900000	2000000	23.314	84.6946487
ptg000040l	2000000	2056234	0	40.5099068
ptg000042l	0	100000	21.944	55.7498207
ptg000042l	100000	200000	18.776	61.576561
ptg000042l	200000	300000	9.85	46.2725182
ptg000042l	300000	400000	2.508	58.6537819
ptg000042l	400000	500000	19.06	74.859169
ptg000042l	500000	600000	13.047	53.8309288
ptg000042l	600000	700000	24.887	81.3620605
ptg000042l	700000	800000	18.334	88.333519
ptg000042l	800000	900000	14.209	104.9493408
ptg000042l	900000	1000000	23.623	78.2542267
ptg000042l	1000000	1100000	8.095	87.9778671
ptg000042l	1100000	1200000	22.416	103.4262085
ptg000042l	1200000	1300000	7.406	90.9799728
ptg000042l	1300000	1400000	9.867	108.6920013
ptg000042l	1400000	1500000	15.805	110.3719482
ptg000042l	1500000	1600000	5.567	122.0564575
ptg000042l	1600000	1700000	12.899	104.1110535
ptg000042l	1700000	1800000	7.832	104.0356598
ptg000042l	1800000	1900000	3.69	120.4812088
ptg000042l	1900000	2000000	11.068	126.8688278
ptg000042l	2000000	2100000	16.587	90.4152069
ptg000042l	2100000	2200000	38.126	78.356102
ptg000042l	2200000	2300000	9.22	110.9615021
ptg000042l	2300000	2400000	10.462	116.5760422
ptg000042l	2400000	2500000	3.779	126.7610016
ptg000042l	2500000	2600000	2.3	125.1059189
ptg000042l	2600000	2700000	8.03	105.1286087
ptg000042l	2700000	2800000	8.066	102.4636536
ptg000042l	2800000	2900000	19.147	87.1815033
ptg000042l	2900000	3000000	33.774	116.2128525
ptg000042l	3000000	3100000	18.418	102.4551392
ptg000042l	3100000	3200000	13.825	109.2592316
ptg000042l	3200000	3300000	17.435	93.1076889
ptg000042l	3300000	3400000	15.614	122.5630112
ptg000042l	3400000	3500000	6.961	123.7602692
ptg000042l	3500000	3600000	2.433	118.7758331
ptg000042l	3600000	3700000	5.212	110.8259125
ptg000042l	3700000	3800000	13.452	117.2519684
ptg000042l	3800000	3900000	26.817	121.8274384
ptg000042l	3900000	4000000	5.179	116.298378
ptg000042l	4000000	4100000	3.377	122.6806335
ptg000042l	4100000	4200000	6.93	124.5739822
ptg000042l	4200000	4300000	16.203	110.6799698
ptg000042l	4300000	4400000	9.265	96.7302628
ptg000042l	4400000	4500000	9.657	80.8659363
ptg000042l	4500000	4503781	25.6017	24.2856388
ptg000044l	0	100000	35.483	164.2948761
ptg000044l	100000	200000	7.284	71.8795929
ptg000044l	200000	300000	13.543	78.4402084
ptg000044l	300000	400000	15.551	71.2927322
ptg000044l	400000	500000	23.115	67.081749
ptg000044l	500000	600000	7.176	57.2056885
ptg000044l	600000	700000	20.028	79.093689
ptg000044l	700000	800000	10.929	101.942749
ptg000044l	800000	900000	6.819	97.2808838
ptg000044l	900000	1000000	7.038	87.5805435
ptg000044l	1000000	1100000	12.874	97.9817886
ptg000044l	1100000	1200000	10.093	106.5473328
ptg000044l	1200000	1300000	22.616	94.5793076
ptg000044l	1300000	1400000	11.479	109.1120682
ptg000044l	1400000	1500000	12.778	98.3439789
ptg000044l	1500000	1600000	17.084	90.9452591
ptg000044l	1600000	1700000	6.759	113.9289169
ptg000044l	1700000	1800000	10.651	98.4501266
ptg000044l	1800000	1900000	12.702	94.2653198
ptg000044l	1900000	2000000	3.119	123.7757034
ptg000044l	2000000	2100000	2.169	98.9686203
ptg000044l	2100000	2200000	5.044	107.8061829
ptg000044l	2200000	2300000	15.225	90.3261871
ptg000044l	2300000	2400000	3.243	112.6590729
ptg000044l	2400000	2500000	6.216	109.623558
ptg000044l	2500000	2600000	5.003	105.1645203
ptg000044l	2600000	2700000	3.92	95.0097733
ptg000044l	2700000	2800000	4.874	87.3964615
ptg000044l	2800000	2900000	7.813	86.7980194
ptg000044l	2900000	2937808	24.8995	60.6084709
ptg000045l	0	100000	49.04	66.0096817
ptg000045l	100000	200000	34.207	53.0869408
ptg000045l	200000	300000	36.626	63.6560211
ptg000045l	300000	400000	32.658	50.1634903
ptg000045l	400000	500000	41.933	48.0183296
ptg000045l	500000	600000	38.601	70.7192001
ptg000045l	600000	700000	34.963	62.0575409
ptg000045l	700000	800000	18.523	51.1973686
ptg000045l	800000	900000	13.082	65.0814438
ptg000045l	900000	1000000	30.332	71.1946716
ptg000045l	1000000	1100000	29.281	63.7408791
ptg000045l	1100000	1200000	34.307	59.0577202
ptg000045l	1200000	1300000	20.121	93.8759308
ptg000045l	1300000	1382138	32.2944	123.9264526
ptg000046l	0	100000	28.756	73.5856094
ptg000046l	100000	132134	86.7088	806.7072754
ptg000047l	0	100000	47.385	58.7467995
ptg000047l	100000	200000	30.4	53.2590103
ptg000047l	200000	300000	42.959	49.6198196
ptg000047l	300000	400000	49.185	62.3678207
ptg000047l	400000	500000	30.342	81.3574371
ptg000047l	500000	600000	47.112	59.5533409
ptg000047l	600000	700000	43.871	56.9087601
ptg000047l	700000	800000	47.651	55.3682289
ptg000047l	800000	900000	29.41	59.5479012
ptg000047l	900000	1000000	50.872	54.2352409
ptg000047l	1000000	1100000	37.676	55.1017303
ptg000047l	1100000	1200000	37.847	57.3569298
ptg000047l	1200000	1300000	35.262	61.1907387
ptg000047l	1300000	1341591	45.1564	87.888916
ptg000050l	0	23837	26.5218	172.8360138
ptg000051l	0	100000	7.24	111.127449
ptg000051l	100000	200000	4.745	107.7145004
ptg000051l	200000	300000	7.484	103.2863922
ptg000051l	300000	400000	5.262	104.4827881
ptg000051l	400000	500000	3.009	99.89077
ptg000051l	500000	600000	4.247	106.3410797
ptg000051l	600000	700000	34.139	141.1407471
ptg000051l	700000	800000	13.268	122.1781235
ptg000051l	800000	900000	8.417	109.7827301
ptg000051l	900000	908881	34.6132	34.1455917
ptg000052l	0	70821	66.8898	221.1426544
ptg000055l	0	100000	24.651	59.424221
ptg000055l	100000	200000	45.131	61.4661484
ptg000055l	200000	300000	25.928	51.2312889
ptg000055l	300000	386183	21.2292	50.9077415
ptg000056l	0	100000	8.894	112.8805008
ptg000056l	100000	165814	21.8859	139.1518402
ptg000057l	0	100000	45.024	49.8589287
ptg000057l	100000	200000	36.542	56.4439812
ptg000057l	200000	300000	48.48	51.5769806
ptg000057l	300000	400000	40.014	97.058609
ptg000057l	400000	500000	21.727	59.0345383
ptg000057l	500000	600000	40.283	63.0023918
ptg000057l	600000	700000	62.167	60.2280998
ptg000057l	700000	800000	33.296	64.6965408
ptg000057l	800000	900000	43.927	47.264019
ptg000057l	900000	1000000	25.173	71.1452332
ptg000057l	1000000	1100000	22.742	105.8878784
ptg000057l	1100000	1200000	32.929	67.6587524
ptg000057l	1200000	1300000	61.31	132.6022491
ptg000057l	1300000	1400000	46.359	97.3557892
ptg000057l	1400000	1500000	27.07	111.1149902
ptg000057l	1500000	1600000	36.624	51.4500008
ptg000057l	1600000	1700000	30.141	80.5626297
ptg000057l	1700000	1800000	60.808	59.1562309
ptg000057l	1800000	1900000	28.05	68.6765366
ptg000057l	1900000	2000000	49.302	61.109951
ptg000057l	2000000	2100000	42.866	91.7158279
ptg000057l	2100000	2200000	26.253	51.2258911
ptg000057l	2200000	2300000	9.622	104.1878815
ptg000057l	2300000	2400000	5.01	96.7504196
ptg000057l	2400000	2500000	19.232	95.2020111
ptg000057l	2500000	2600000	6.332	107.5124512
ptg000057l	2600000	2700000	6.315	96.6149979
ptg000057l	2700000	2800000	11.964	100.3774185
ptg000057l	2800000	2900000	9.671	88.0223007
ptg000057l	2900000	3000000	3.847	118.6777573
ptg000057l	3000000	3100000	18.033	93.7209167
ptg000057l	3100000	3200000	6.261	103.9009018
ptg000057l	3200000	3300000	8.024	106.3607178
ptg000057l	3300000	3400000	11.719	100.7736816
ptg000057l	3400000	3500000	8.98	94.0623169
ptg000057l	3500000	3600000	5.235	134.0486755
ptg000057l	3600000	3700000	19.721	88.5506592
ptg000057l	3700000	3800000	28.768	104.7786484
ptg000057l	3800000	3900000	8.558	100.6136017
ptg000057l	3900000	4000000	7.553	107.9890823
ptg000057l	4000000	4100000	9.516	98.9112473
ptg000057l	4100000	4200000	12.006	101.3853836
ptg000057l	4200000	4300000	12.704	92.1164322
ptg000057l	4300000	4400000	13.227	85.4485779
ptg000057l	4400000	4500000	9.406	93.542038
ptg000057l	4500000	4600000	24.08	108.1422195
ptg000057l	4600000	4700000	10.618	112.1882095
ptg000057l	4700000	4800000	7.313	84.5688934
ptg000057l	4800000	4900000	16.503	88.7130814
ptg000057l	4900000	5000000	10.768	60.8002586
ptg000057l	5000000	5100000	29.111	92.5374374
ptg000057l	5100000	5149463	26.9575	185.5618134
ptg000058l	0	100000	36.247	215.4212341
ptg000058l	100000	200000	35.278	60.0296516
ptg000058l	200000	300000	18.421	113.3662109
ptg000058l	300000	400000	34.1	89.6739883
ptg000058l	400000	500000	22.314	98.6814117
ptg000058l	500000	600000	34.568	71.8358078
ptg000058l	600000	700000	18.104	86.1406403
ptg000058l	700000	742472	8.76813	73.4489517
ptg000059l	0	97840	83.1429	237.4711609
ptg000060l	0	100000	16.764	142.5767365
ptg000060l	100000	200000	11.37	106.7188797
ptg000060l	200000	300000	6.503	93.5602493
ptg000060l	300000	400000	7.534	113.894783
ptg000060l	400000	500000	6.074	110.0267792
ptg000060l	500000	600000	9.198	116.913002
ptg000060l	600000	700000	2.889	103.2608414
ptg000060l	700000	800000	4.822	114.5486526
ptg000060l	800000	900000	5.673	97.6168594
ptg000060l	900000	925868	3.07716	53.7267265
ptg000061l	0	100000	25.333	55.7643013
ptg000061l	100000	200000	21.069	64.1356201
ptg000061l	200000	300000	22.64	60.4352112
ptg000061l	300000	400000	38.193	45.8401985
ptg000061l	400000	500000	14.686	54.1776199
ptg000061l	500000	600000	22.213	87.6971893
ptg000061l	600000	700000	19.746	103.3286667
ptg000061l	700000	800000	31.647	100.8850403
ptg000061l	800000	900000	26.525	77.8714981
ptg000061l	900000	1000000	16.484	105.8518829
ptg000061l	1000000	1100000	14.741	109.7769394
ptg000061l	1100000	1200000	27.01	91.6366806
ptg000061l	1200000	1300000	18.942	72.9372177
ptg000061l	1300000	1400000	8.923	106.0102005
ptg000061l	1400000	1500000	8.127	113.9871063
ptg000061l	1500000	1600000	20.408	100.6776428
ptg000061l	1600000	1700000	26.288	86.544281
ptg000061l	1700000	1800000	7.808	82.9374084
ptg000061l	1800000	1821300	15.0376	30.8945541
ptg000062l	0	100000	99.838	864.739502
ptg000062l	100000	200000	87.623	334.0775146
ptg000062l	200000	251203	93.2348	229.2438965
ptg000063l	0	100000	41.924	109.2780914
ptg000063l	100000	200000	12.542	49.5554199
ptg000063l	200000	300000	25.624	54.2675896
ptg000063l	300000	400000	12.619	57.4262505
ptg000063l	400000	500000	25.1	64.6840897
ptg000063l	500000	600000	19.608	54.4491386
ptg000063l	600000	700000	26.227	48.6182289
ptg000063l	700000	800000	9.988	90.9998779
ptg000063l	800000	900000	13.238	102.689209
ptg000063l	900000	1000000	31.189	244.8918762
ptg000063l	1000000	1100000	13.789	92.5732117
ptg000063l	1100000	1200000	30.759	88.1315384
ptg000063l	1200000	1279498	9.27445	102.7327576
ptg000064l	0	100000	17.99	65.0693588
ptg000064l	100000	132625	12.1778	50.4397545
ptg000066l	0	100000	23.806	61.1515617
ptg000066l	100000	200000	29.666	86.733551
ptg000066l	200000	300000	18.566	65.6922073
ptg000066l	300000	400000	32.743	57.3361282
ptg000066l	400000	500000	77.139	28.8008194
ptg000066l	500000	519907	96.2928	13.7961521
ptg000068l	0	100000	90.218	767.4096069
ptg000068l	100000	200000	91.748	307.9529114
ptg000068l	200000	214369	35.1173	314.6369324
ptg000069l	0	63164	92.9928	283.3627319
ptg000070l	0	100000	87.862	724.1052246
ptg000070l	100000	193666	96.5868	593.0344238
ptg000071l	0	100000	53.719	118.8035812
ptg000071l	100000	200000	49.197	63.6033592
ptg000071l	200000	300000	25.029	150.6151276
ptg000071l	300000	400000	19.409	90.3552704
ptg000071l	400000	500000	31.801	68.3361969
ptg000071l	500000	600000	42.421	110.8489227
ptg000071l	600000	700000	19.283	102.1771927
ptg000071l	700000	800000	15.736	102.3967514
ptg000071l	800000	900000	23.661	82.0945282
ptg000071l	900000	1000000	30.845	116.533638
ptg000071l	1000000	1100000	18.189	143.947998
ptg000071l	1100000	1200000	19.951	100.6930237
ptg000071l	1200000	1300000	22.067	116.1118317
ptg000071l	1300000	1400000	17.373	93.1466217
ptg000071l	1400000	1500000	26.607	84.1430283
ptg000071l	1500000	1600000	20.567	98.1180725
ptg000071l	1600000	1700000	44.358	123.1159668
ptg000071l	1700000	1800000	9.873	98.7745209
ptg000071l	1800000	1900000	17.8	94.9324722
ptg000071l	1900000	2000000	25.058	92.9084015
ptg000071l	2000000	2100000	24.091	77.7383804
ptg000071l	2100000	2200000	43.945	89.0316162
ptg000071l	2200000	2300000	6.065	121.7508774
ptg000071l	2300000	2400000	10.382	109.080162
ptg000071l	2400000	2500000	9.806	91.7145615
ptg000071l	2500000	2600000	15.369	102.0660095
ptg000071l	2600000	2700000	7.259	98.8390121
ptg000071l	2700000	2800000	17.026	101.6667709
ptg000071l	2800000	2900000	13.716	104.4518585
ptg000071l	2900000	3000000	18.482	102.3481293
ptg000071l	3000000	3100000	29.532	85.4977112
ptg000071l	3100000	3200000	9.915	110.2762527
ptg000071l	3200000	3300000	7.985	113.278923
ptg000071l	3300000	3400000	4.866	76.7284012
ptg000071l	3400000	3500000	4.52	98.7579193
ptg000071l	3500000	3600000	3.387	95.6572113
ptg000071l	3600000	3700000	8.976	92.994339
ptg000071l	3700000	3800000	5.965	105.9116516
ptg000071l	3800000	3900000	4.477	105.7394333
ptg000071l	3900000	4000000	6.543	109.3221893
ptg000071l	4000000	4100000	7.122	111.5487671
ptg000071l	4100000	4200000	6.969	98.2270889
ptg000071l	4200000	4300000	6.226	105.5267563
ptg000073l	0	100000	2.443	102.6785736
ptg000073l	100000	200000	1.428	104.7075729
ptg000073l	200000	300000	5.274	112.6705322
ptg000073l	300000	400000	5.793	100.0183563
ptg000073l	400000	500000	2.934	98.9015198
ptg000073l	500000	600000	2.022	119.6076431
ptg000073l	600000	700000	3.151	113.2400665
ptg000073l	700000	800000	6.718	113.9462509
ptg000073l	800000	900000	13.467	117.9122391
ptg000073l	900000	1000000	21.194	115.0917892
ptg000073l	1000000	1100000	7.62	96.5654068
ptg000073l	1100000	1200000	2.732	98.2678909
ptg000073l	1200000	1300000	0.926	96.5667801
ptg000073l	1300000	1400000	17.781	144.7334442
ptg000073l	1400000	1500000	2.756	95.2215805
ptg000073l	1500000	1600000	6.293	107.2566681
ptg000073l	1600000	1700000	5.075	131.0602264
ptg000073l	1700000	1800000	7.42	116.0092392
ptg000073l	1800000	1900000	7.754	115.5254288
ptg000073l	1900000	2000000	8.661	93.5820923
ptg000073l	2000000	2083283	28.3335	92.348465
ptg000074l	0	100000	31.74	85.2724686
ptg000074l	100000	200000	17.645	91.9115829
ptg000074l	200000	300000	37.71	96.9946823
ptg000074l	300000	400000	16.657	106.0704193
ptg000074l	400000	500000	6.799	76.8936005
ptg000074l	500000	600000	10.212	64.9850616
ptg000074l	600000	633104	3.05401	54.8682022
ptg000076l	0	100000	14.529	111.121582
ptg000076l	100000	200000	7.46	55.0145607
ptg000076l	200000	235582	5.25547	48.6129494
ptg000079l	0	100000	25.148	155.085144
ptg000079l	100000	200000	10.71	99.2979584
ptg000079l	200000	300000	24.273	179.713501
ptg000079l	300000	400000	10.009	83.1753464
ptg000079l	400000	483733	82.7893	482.5043335
ptg000082l	0	100000	5.023	86.9194412
ptg000082l	100000	200000	4.541	109.2589874
ptg000082l	200000	300000	17.843	64.6424408
ptg000082l	300000	393600	24.7009	66.2525864
ptg000083l	0	100000	26.909	109.6952667
ptg000083l	100000	200000	14.501	104.7423325
ptg000083l	200000	300000	30	118.0852585
ptg000083l	300000	400000	16.09	99.3826828
ptg000083l	400000	453010	33.1786	55.1552734
ptg000086l	0	100000	47.609	66.6733932
ptg000086l	100000	151574	21.823	49.6068382
ptg000087l	0	100000	94.145	296.6080933
ptg000087l	100000	158110	97.5822	409.5086975
ptg000089l	0	100000	49.765	240.7046814
ptg000089l	100000	200000	71.195	365.3823853
ptg000089l	200000	300000	23.024	88.3109436
ptg000089l	300000	400000	3.513	21.3237095
ptg000090l	0	100000	56.558	55.0220108
ptg000090l	100000	200000	57.76	64.4894409
ptg000090l	200000	300000	44.6	54.7294006
ptg000090l	300000	400000	47.913	56.6946793
ptg000090l	400000	500000	53.112	79.6428604
ptg000090l	500000	600000	31.186	62.7437401
ptg000090l	600000	700000	55.334	76.7643967
ptg000090l	700000	800000	45.859	57.9728317
ptg000090l	800000	900000	34.85	45.5186501
ptg000094l	0	100000	94.04	506.317749
ptg000094l	100000	169325	73.9055	223.1394196
ptg000096l	0	100000	26.507	47.3193817
ptg000096l	100000	200000	42.781	89.5987701
ptg000096l	200000	300000	31.229	50.1391907
ptg000096l	300000	400000	44.48	60.7628899
ptg000096l	400000	500000	31.284	68.2475891
ptg000096l	500000	600000	12.017	59.2584991
ptg000096l	600000	700000	32.587	79.132637
ptg000096l	700000	775700	31.3923	178.0409851
ptg000098l	0	100000	88.415	313.795105
ptg000098l	100000	154661	92.9255	612.0718384
ptg000099l	0	86595	42.9216	161.8283691
ptg000105l	0	78883	82.1609	380.4884644
ptg000107l	0	100000	88.529	221.0746765
ptg000107l	100000	111634	88.2757	173.6310883
ptg000111l	0	100000	94.491	524.0363159
ptg000111l	100000	102426	14.7156	76.409729
ptg000112l	0	80681	97.9376	616.0837402
ptg000116l	0	100000	34.305	46.2217407
ptg000116l	100000	200000	17.792	51.3104095
ptg000116l	200000	300000	42.437	61.7705383
ptg000116l	300000	400000	44.407	58.8769493
ptg000116l	400000	500000	30.155	47.1093407
ptg000116l	500000	525238	23.9005	64.5873718
ptg000118l	0	100000	12.886	53.0210609
ptg000118l	100000	200000	13.085	89.1125717
ptg000118l	200000	300000	35.312	71.7809906
ptg000118l	300000	400000	10.129	123.0252075
ptg000118l	400000	500000	28.012	74.161377
ptg000118l	500000	600000	15.032	96.1815186
ptg000118l	600000	700000	5.73	112.7185287
ptg000118l	700000	800000	12.978	102.6699905
ptg000118l	800000	900000	21.151	59.7220688
ptg000118l	900000	1000000	32.759	94.381752
ptg000118l	1000000	1100000	21.436	88.1383591
ptg000118l	1100000	1200000	16.611	88.2865067
ptg000118l	1200000	1300000	22.916	84.2427826
ptg000118l	1300000	1400000	13.918	84.9866104
ptg000118l	1400000	1500000	5.088	93.6459579
ptg000118l	1500000	1600000	13.909	80.066452
ptg000119l	0	100000	29.889	145.7537537
ptg000121l	0	52794	65.8825	984.4077148
ptg000123l	0	100000	92.829	349.3734131
ptg000123l	100000	124136	55.6223	264.3083801
ptg000126l	0	91984	41.0137	55.5076218
ptg000128l	0	69340	82.981	279.9448242
ptg000129l	0	78697	75.3892	424.4725342
ptg000132l	0	99581	41.6776	58.1980705
ptg000133l	0	100000	90.328	562.2023315
ptg000133l	100000	103095	0	74.4878845
ptg000143l	0	100000	97.87	678.8129883
ptg000143l	100000	115000	96.7267	126.9990692
ptg000147l	0	100000	61.228	118.3038406
ptg000148l	0	100000	31.548	59.9493408
ptg000148l	100000	200000	41.738	47.964489
ptg000148l	200000	300000	46.687	69.4115067
ptg000148l	300000	303367	2.6433	91.1063232
ptg000151l	0	19749	3.51917	62.6832733
ptg000168l	0	100000	87.361	583.0114136
ptg000168l	100000	200000	97.329	670.532959
ptg000168l	200000	299543	93.6671	384.7671204
ptg000172l	0	100000	96.501	450.6448364
ptg000172l	100000	133868	93.9087	121.1693649
ptg000174l	0	100000	96.715	537.8149414
ptg000174l	100000	128701	0	276.279541
ptg000180l	0	50478	86.8438	372.4413147
ptg000184l	0	54552	77.6324	431.640625
ptg000191l	0	29604	0	41.9964523
ptg000197l	0	100000	98.609	396.6449585
ptg000197l	100000	200000	92.198	680.5308838
ptg000197l	200000	256421	95.2925	252.9569702
ptg000199l	0	58872	0	613.750061
ptg000201l	0	39393	33.94	223.3143463
ptg000203l	0	73942	97.2073	619.4140625
ptg000207l	0	44519	78.699	760.0693359
ptg000213l	0	64266	36.0222	686.3477173
ptg000214l	0	63105	0	728.7477417
ptg000215l	0	20025	2.23221	36.9767799
ptg000216l	0	72530	36.0072	54.5483093
ptg000217l	0	34472	98.4683	346.8717651
ptg000218l	0	13320	2.88288	34.5887375
ptg000219l	0	100000	78.516	169.0108795
ptg000219l	100000	101607	0	40.1773491
ptg000220l	0	100000	24.778	61.40382
ptg000220l	100000	200000	11.391	63.1811714
ptg000220l	200000	230246	32.0968	30.1321831
ptg000226l	0	48458	95.8748	557.2495117
ptg000230l	0	100000	38.179	52.3424187
ptg000230l	100000	151578	37.0468	48.829464
ptg000237l	0	23545	0	316.1445007
ptg000246l	0	24948	37.4619	66.7366104
ptg000247l	0	35593	98.48	258.4949951
ptg000250l	0	32722	79.8179	1029.068115
ptg000252l	0	66290	80.4028	399.0679016
ptg000256l	0	36181	0	351.6542053
ptg000265l	0	73450	24.2355	61.269001
ptg000268l	0	100000	97.629	315.2348022
ptg000268l	100000	104470	0	201.8299713
ptg000274l	0	46413	22.9526	106.7038956
ptg000279l	0	33534	78.2698	498.2131958
ptg000280l	0	18269	18.6217	42.1774025
ptg000281l	0	19346	8.68913	33.2763863
ptg000283l	0	37415	64.1053	136.1291199
ptg000286l	0	59484	76.5668	274.3899841
ptg000289l	0	100000	75.676	370.4853516
ptg000289l	100000	101266	0	111.2804108
ptg000296l	0	63797	67.3746	789.4237061
ptg000304l	0	15889	55.6737	31.2962418
ptg000306l	0	29223	42.8464	85.7501297
ptg000310l	0	63829	96.5799	396.5085449
ptg000311l	0	25691	64.3377	315.6015625
ptg000350l	0	40521	87.5546	398.0636597
ptg000353l	0	23713	85.8095	202.7796173
ptg000354l	0	100000	87.197	231.9416046
ptg000354l	100000	118799	70.3867	267.1131592
ptg000358l	0	21163	66.2619	59.1418037
ptg000366l	0	42955	99.2411	424.4530334
ptg000367l	0	31670	0	457.0747986
ptg000405l	0	52585	98.2524	233.9021606
ptg000406l	0	25995	8.44778	61.7619171
ptg000416l	0	23697	18.956	3.8879182
ptg000427l	0	18577	21.4889	183.4147644
ptg000439l	0	20708	1.01893	57.7228622
ptg000440l	0	15787	13.2071	40.4172401
ptg000442l	0	18845	0.23879	44.7354202
ptg000444l	0	23265	0.146142	38.8093719
ptg000463l	0	14014	7.571	38.1457825
ptg000471l	0	13879	25.2756	69.2692566
ptg000472l	0	24337	25.5331	60.927887
ptg000482l	0	33492	97.4054	234.920105
ptg000483l	0	19977	11.8887	33.0261307
ptg000491l	0	22671	8.80861	35.8423996
ptg000502l	0	23395	2.85959	51.2947655
ptg000505l	0	18143	0	77.9081726
ptg000513l	0	19968	29.362	62.2664261
ptg000514l	0	16716	80.9823	33.864502
ptg000517l	0	13890	0	27.0157661
ptg000518l	0	14816	0.715443	36.5773506
ptg000520l	0	22759	27.7648	62.2417068
ptg000523l	0	17515	9.23209	39.6380234
