ptg000011l	0	100000	27.939
ptg000011l	100000	200000	8.647
ptg000011l	200000	300000	4.3
ptg000011l	300000	400000	8.732
ptg000011l	400000	500000	5.706
ptg000011l	500000	600000	1.901
ptg000011l	600000	700000	10.256
ptg000011l	700000	800000	3.857
ptg000011l	800000	900000	12.11
ptg000011l	900000	1000000	1.786
ptg000011l	1000000	1100000	4.058
ptg000011l	1100000	1200000	3.499
ptg000011l	1200000	1300000	6.214
ptg000011l	1300000	1400000	14.771
ptg000011l	1400000	1500000	18.856
ptg000011l	1500000	1600000	8.868
ptg000011l	1600000	1700000	3.748
ptg000011l	1700000	1800000	4.562
ptg000011l	1800000	1900000	16.04
ptg000011l	1900000	2000000	3.956
ptg000011l	2000000	2100000	6.265
ptg000011l	2100000	2200000	5.585
ptg000011l	2200000	2300000	12.005
ptg000011l	2300000	2400000	6.282
ptg000011l	2400000	2500000	9.493
ptg000011l	2500000	2600000	19.813
ptg000011l	2600000	2700000	7.209
ptg000011l	2700000	2800000	18.883
ptg000011l	2800000	2900000	14.804
ptg000011l	2900000	3000000	16.774
ptg000011l	3000000	3100000	9.876
ptg000011l	3100000	3200000	18.255
ptg000011l	3200000	3300000	6.284
ptg000011l	3300000	3400000	3.852
ptg000011l	3400000	3500000	6.504
ptg000011l	3500000	3600000	6.824
ptg000011l	3600000	3700000	7.213
ptg000011l	3700000	3800000	5.37
ptg000011l	3800000	3900000	10.611
ptg000011l	3900000	4000000	7.547
ptg000011l	4000000	4100000	3.528
ptg000011l	4100000	4200000	10.954
ptg000011l	4200000	4300000	7.704
ptg000011l	4300000	4400000	9.803
ptg000011l	4400000	4500000	11.033
ptg000011l	4500000	4600000	9.415
ptg000011l	4600000	4700000	33.448
ptg000011l	4700000	4800000	11.41
ptg000011l	4800000	4900000	9.509
ptg000011l	4900000	5000000	13.056
ptg000011l	5000000	5100000	10.589
ptg000011l	5100000	5200000	13.705
ptg000011l	5200000	5300000	28.19
ptg000011l	5300000	5400000	11.009
ptg000011l	5400000	5500000	16.844
ptg000011l	5500000	5600000	102.655
ptg000011l	5600000	5654655	55.962
ptg000030l	0	100000	1.336
ptg000030l	100000	200000	8.424
ptg000030l	200000	300000	4.31
ptg000030l	300000	400000	2.257
ptg000030l	400000	500000	5.359
ptg000030l	500000	600000	12.144
ptg000030l	600000	700000	0.929
ptg000030l	700000	800000	8.649
ptg000030l	800000	900000	11.273
ptg000030l	900000	1000000	2.804
ptg000030l	1000000	1100000	6.503
ptg000030l	1100000	1200000	9.498
ptg000030l	1200000	1300000	17.348
ptg000030l	1300000	1400000	10.907
ptg000030l	1400000	1500000	30.738
ptg000030l	1500000	1600000	13.023
ptg000030l	1600000	1700000	11.891
ptg000030l	1700000	1800000	7.278
ptg000030l	1800000	1900000	13.299
ptg000030l	1900000	2000000	10.537
ptg000030l	2000000	2100000	30.481
ptg000030l	2100000	2200000	12.098
ptg000030l	2200000	2300000	19.502
ptg000030l	2300000	2400000	27.265
ptg000030l	2400000	2500000	15.946
ptg000030l	2500000	2600000	26.643
ptg000030l	2600000	2700000	16.576
ptg000030l	2700000	2800000	12.283
ptg000030l	2800000	2900000	15.129
ptg000030l	2900000	3000000	29.514
ptg000030l	3000000	3100000	49.258
ptg000030l	3100000	3200000	10.956
ptg000030l	3200000	3300000	20.969
ptg000030l	3300000	3400000	48.822
ptg000030l	3400000	3500000	37.308
ptg000030l	3500000	3600000	8.471
ptg000030l	3600000	3700000	6.202
ptg000030l	3700000	3800000	8.353
ptg000030l	3800000	3900000	16.403
ptg000030l	3900000	4000000	4.642
ptg000030l	4000000	4100000	17.775
ptg000030l	4100000	4200000	26.7
ptg000030l	4200000	4300000	38.877
ptg000030l	4300000	4400000	47.081
ptg000030l	4400000	4500000	48.248
ptg000030l	4500000	4600000	53.14
ptg000030l	4600000	4700000	28.276
ptg000030l	4700000	4800000	17.224
ptg000030l	4800000	4900000	14.766
ptg000030l	4900000	5000000	59.541
ptg000030l	5000000	5100000	67.891
ptg000030l	5100000	5200000	63.595
ptg000030l	5200000	5300000	17.801
ptg000030l	5300000	5400000	10.311
ptg000030l	5400000	5483658	11.704
ptg000019l	0	100000	10.882
ptg000019l	100000	200000	16.086
ptg000019l	200000	300000	27.093
ptg000019l	300000	400000	35.112
ptg000019l	400000	500000	21.426
ptg000019l	500000	600000	22.176
ptg000019l	600000	700000	20.606
ptg000019l	700000	800000	17.653
ptg000019l	800000	900000	18.666
ptg000019l	900000	1000000	19.127
ptg000019l	1000000	1100000	11.527
ptg000019l	1100000	1200000	14.387
ptg000019l	1200000	1300000	9.641
ptg000019l	1300000	1400000	3.493
ptg000019l	1400000	1500000	12.061
ptg000019l	1500000	1600000	14.711
ptg000019l	1600000	1700000	15.666
ptg000019l	1700000	1800000	18.345
ptg000019l	1800000	1900000	8.863
ptg000019l	1900000	2000000	13.477
ptg000019l	2000000	2100000	28.421
ptg000019l	2100000	2200000	14.502
ptg000019l	2200000	2300000	9.547
ptg000019l	2300000	2400000	25.02
ptg000019l	2400000	2500000	20.629
ptg000019l	2500000	2600000	15.262
ptg000019l	2600000	2700000	16.599
ptg000019l	2700000	2800000	34.891
ptg000019l	2800000	2900000	17.182
ptg000019l	2900000	3000000	15.683
ptg000019l	3000000	3100000	17.517
ptg000019l	3100000	3200000	3.804
ptg000019l	3200000	3300000	13.655
ptg000019l	3300000	3400000	4.717
ptg000019l	3400000	3500000	7.117
ptg000019l	3500000	3600000	25.719
ptg000019l	3600000	3700000	15.856
ptg000019l	3700000	3800000	20.467
ptg000019l	3800000	3900000	6.11
ptg000019l	3900000	4000000	15.416
ptg000019l	4000000	4100000	31.035
ptg000019l	4100000	4200000	11.937
ptg000019l	4200000	4300000	4.874
ptg000019l	4300000	4400000	4.813
ptg000019l	4400000	4500000	6.514
ptg000019l	4500000	4600000	1.566
ptg000019l	4600000	4700000	5.319
ptg000019l	4700000	4800000	7.433
ptg000019l	4800000	4900000	4.147
ptg000019l	4900000	5000000	6.643
ptg000019l	5000000	5100000	4.967
ptg000019l	5100000	5200000	91.4272
ptg000019l	5200000	5216914	13.512
ptg000001l	0	100000	18.033
ptg000001l	100000	200000	3.958
ptg000001l	200000	300000	3.435
ptg000001l	300000	400000	4.621
ptg000001l	400000	500000	8.262
ptg000001l	500000	600000	4.363
ptg000001l	600000	700000	3.549
ptg000001l	700000	800000	4.915
ptg000001l	800000	900000	8.092
ptg000001l	900000	1000000	6.789
ptg000001l	1000000	1100000	4.963
ptg000001l	1100000	1200000	11.755
ptg000001l	1200000	1300000	6.376
ptg000001l	1300000	1400000	10.054
ptg000001l	1400000	1500000	7.3
ptg000001l	1500000	1600000	5.936
ptg000001l	1600000	1700000	4.286
ptg000001l	1700000	1800000	14.66
ptg000001l	1800000	1900000	9.907
ptg000001l	1900000	2000000	3.175
ptg000001l	2000000	2100000	11.266
ptg000001l	2100000	2200000	10.194
ptg000001l	2200000	2300000	7.055
ptg000001l	2300000	2400000	11.407
ptg000001l	2400000	2500000	14.732
ptg000001l	2500000	2600000	11.908
ptg000001l	2600000	2700000	9.135
ptg000001l	2700000	2800000	4.898
ptg000001l	2800000	2900000	7.4
ptg000001l	2900000	3000000	13.73
ptg000001l	3000000	3100000	9.054
ptg000001l	3100000	3200000	22.571
ptg000001l	3200000	3300000	12.698
ptg000001l	3300000	3400000	16.137
ptg000001l	3400000	3500000	12.112
ptg000001l	3500000	3600000	10.43
ptg000001l	3600000	3700000	12.709
ptg000001l	3700000	3800000	5.551
ptg000001l	3800000	3900000	11.532
ptg000001l	3900000	4000000	6.115
ptg000001l	4000000	4100000	10.106
ptg000001l	4100000	4200000	23.415
ptg000001l	4200000	4300000	18.856
ptg000001l	4300000	4400000	13.561
ptg000001l	4400000	4500000	11.779
ptg000001l	4500000	4600000	8.167
ptg000001l	4600000	4700000	20.175
ptg000001l	4700000	4800000	14.656
ptg000001l	4800000	4900000	21.012
ptg000001l	4900000	5000000	21.172
ptg000001l	5000000	5100000	36.118
ptg000001l	5100000	5184750	79.698
ptg000057l	0	100000	45.966
ptg000057l	100000	200000	37.74
ptg000057l	200000	300000	49.54
ptg000057l	300000	400000	41.045
ptg000057l	400000	500000	22.439
ptg000057l	500000	600000	41.045
ptg000057l	600000	700000	63.962
ptg000057l	700000	800000	35.484
ptg000057l	800000	900000	48.41
ptg000057l	900000	1000000	26.208
ptg000057l	1000000	1100000	24.851
ptg000057l	1100000	1200000	34.356
ptg000057l	1200000	1300000	61.94
ptg000057l	1300000	1400000	47.059
ptg000057l	1400000	1500000	27.861
ptg000057l	1500000	1600000	37.741
ptg000057l	1600000	1700000	31.398
ptg000057l	1700000	1800000	62.908
ptg000057l	1800000	1900000	29.209
ptg000057l	1900000	2000000	60.991
ptg000057l	2000000	2100000	57.924
ptg000057l	2100000	2200000	27.453
ptg000057l	2200000	2300000	10.406
ptg000057l	2300000	2400000	5.286
ptg000057l	2400000	2500000	20.394
ptg000057l	2500000	2600000	6.827
ptg000057l	2600000	2700000	6.371
ptg000057l	2700000	2800000	12.552
ptg000057l	2800000	2900000	10.042
ptg000057l	2900000	3000000	4.234
ptg000057l	3000000	3100000	18.871
ptg000057l	3100000	3200000	6.565
ptg000057l	3200000	3300000	8.418
ptg000057l	3300000	3400000	12.108
ptg000057l	3400000	3500000	9.208
ptg000057l	3500000	3600000	5.627
ptg000057l	3600000	3700000	20.107
ptg000057l	3700000	3800000	30.879
ptg000057l	3800000	3900000	9.046
ptg000057l	3900000	4000000	7.996
ptg000057l	4000000	4100000	9.925
ptg000057l	4100000	4200000	12.775
ptg000057l	4200000	4300000	12.869
ptg000057l	4300000	4400000	13.905
ptg000057l	4400000	4500000	9.722
ptg000057l	4500000	4600000	24.89
ptg000057l	4600000	4700000	11.011
ptg000057l	4700000	4800000	7.485
ptg000057l	4800000	4900000	17.21
ptg000057l	4900000	5000000	11.6
ptg000057l	5000000	5100000	60.0065
ptg000057l	5100000	5149463	25.47
ptg000017l	0	100000	36.791
ptg000017l	100000	200000	7.104
ptg000017l	200000	300000	7.259
ptg000017l	300000	400000	8.679
ptg000017l	400000	500000	3.937
ptg000017l	500000	600000	2.281
ptg000017l	600000	700000	3.54
ptg000017l	700000	800000	2.912
ptg000017l	800000	900000	6.394
ptg000017l	900000	1000000	2.994
ptg000017l	1000000	1100000	7.241
ptg000017l	1100000	1200000	1.358
ptg000017l	1200000	1300000	2.901
ptg000017l	1300000	1400000	2.853
ptg000017l	1400000	1500000	10.541
ptg000017l	1500000	1600000	11.473
ptg000017l	1600000	1700000	3.272
ptg000017l	1700000	1800000	3.205
ptg000017l	1800000	1900000	1.344
ptg000017l	1900000	2000000	11.794
ptg000017l	2000000	2100000	19.221
ptg000017l	2100000	2200000	44.049
ptg000017l	2200000	2300000	8.798
ptg000017l	2300000	2400000	7.871
ptg000017l	2400000	2500000	5.259
ptg000017l	2500000	2600000	9.076
ptg000017l	2600000	2700000	5.381
ptg000017l	2700000	2800000	3.956
ptg000017l	2800000	2900000	2.508
ptg000017l	2900000	3000000	6.226
ptg000017l	3000000	3100000	26.558
ptg000017l	3100000	3200000	10.671
ptg000017l	3200000	3300000	13.908
ptg000017l	3300000	3400000	4.593
ptg000017l	3400000	3500000	19.369
ptg000017l	3500000	3600000	23.146
ptg000017l	3600000	3700000	30.439
ptg000017l	3700000	3800000	8.1
ptg000017l	3800000	3900000	9.448
ptg000017l	3900000	4000000	14.736
ptg000017l	4000000	4100000	8.205
ptg000017l	4100000	4200000	17.366
ptg000017l	4200000	4300000	5.921
ptg000017l	4300000	4400000	16.158
ptg000017l	4400000	4500000	19.598
ptg000017l	4500000	4600000	18.15
ptg000017l	4600000	4700000	43.1397
ptg000017l	4700000	4727703	3.871
ptg000009l	0	100000	5.392
ptg000009l	100000	200000	6.933
ptg000009l	200000	300000	12.431
ptg000009l	300000	400000	8.189
ptg000009l	400000	500000	6.625
ptg000009l	500000	600000	7.851
ptg000009l	600000	700000	18.782
ptg000009l	700000	800000	11.624
ptg000009l	800000	900000	9.395
ptg000009l	900000	1000000	9.814
ptg000009l	1000000	1100000	21.101
ptg000009l	1100000	1200000	38.108
ptg000009l	1200000	1300000	33.111
ptg000009l	1300000	1400000	23.213
ptg000009l	1400000	1500000	29.752
ptg000009l	1500000	1600000	21.23
ptg000009l	1600000	1700000	14.404
ptg000009l	1700000	1800000	15.507
ptg000009l	1800000	1900000	21.782
ptg000009l	1900000	2000000	5.968
ptg000009l	2000000	2100000	9.401
ptg000009l	2100000	2200000	28.305
ptg000009l	2200000	2300000	28.696
ptg000009l	2300000	2400000	17.813
ptg000009l	2400000	2500000	26.002
ptg000009l	2500000	2600000	19.357
ptg000009l	2600000	2700000	11.119
ptg000009l	2700000	2800000	7.347
ptg000009l	2800000	2900000	13.339
ptg000009l	2900000	3000000	30.911
ptg000009l	3000000	3100000	32.145
ptg000009l	3100000	3200000	23.906
ptg000009l	3200000	3300000	11.515
ptg000009l	3300000	3400000	33.002
ptg000009l	3400000	3500000	17.205
ptg000009l	3500000	3600000	17.788
ptg000009l	3600000	3700000	16.844
ptg000009l	3700000	3800000	11.597
ptg000009l	3800000	3900000	11.463
ptg000009l	3900000	4000000	18.58
ptg000009l	4000000	4100000	20.21
ptg000009l	4100000	4200000	17.84
ptg000009l	4200000	4300000	20.963
ptg000009l	4300000	4400000	32.466
ptg000009l	4400000	4500000	33.055
ptg000009l	4500000	4600000	50.8554
ptg000009l	4600000	4655880	14.9437
ptg000004l	0	100000	11.326
ptg000004l	100000	200000	19.071
ptg000004l	200000	300000	39.044
ptg000004l	300000	400000	19.524
ptg000004l	400000	500000	16.282
ptg000004l	500000	600000	22.932
ptg000004l	600000	700000	12.647
ptg000004l	700000	800000	6.7
ptg000004l	800000	900000	9.827
ptg000004l	900000	1000000	13.136
ptg000004l	1000000	1100000	16.253
ptg000004l	1100000	1200000	18.274
ptg000004l	1200000	1300000	8.346
ptg000004l	1300000	1400000	26.059
ptg000004l	1400000	1500000	28.033
ptg000004l	1500000	1600000	26.552
ptg000004l	1600000	1700000	14.269
ptg000004l	1700000	1800000	19.988
ptg000004l	1800000	1900000	18.7
ptg000004l	1900000	2000000	17.332
ptg000004l	2000000	2100000	10.088
ptg000004l	2100000	2200000	26.005
ptg000004l	2200000	2300000	23.89
ptg000004l	2300000	2400000	25.171
ptg000004l	2400000	2500000	21.874
ptg000004l	2500000	2600000	5.766
ptg000004l	2600000	2700000	3.606
ptg000004l	2700000	2800000	13.194
ptg000004l	2800000	2900000	15.195
ptg000004l	2900000	3000000	38.509
ptg000004l	3000000	3100000	11.66
ptg000004l	3100000	3200000	21.511
ptg000004l	3200000	3300000	14.404
ptg000004l	3300000	3400000	18.507
ptg000004l	3400000	3500000	16.238
ptg000004l	3500000	3600000	14.42
ptg000004l	3600000	3700000	18.638
ptg000004l	3700000	3800000	9.862
ptg000004l	3800000	3900000	16.596
ptg000004l	3900000	4000000	9.933
ptg000004l	4000000	4100000	7.123
ptg000004l	4100000	4200000	5.111
ptg000004l	4200000	4300000	1.877
ptg000004l	4300000	4400000	16.375
ptg000004l	4400000	4500000	8.67699
ptg000004l	4500000	4564988	7.267
ptg000042l	0	100000	23.515
ptg000042l	100000	200000	20.27
ptg000042l	200000	300000	10.5
ptg000042l	300000	400000	2.617
ptg000042l	400000	500000	19.257
ptg000042l	500000	600000	13.638
ptg000042l	600000	700000	26.772
ptg000042l	700000	800000	19.065
ptg000042l	800000	900000	14.405
ptg000042l	900000	1000000	25.448
ptg000042l	1000000	1100000	9.685
ptg000042l	1100000	1200000	24.097
ptg000042l	1200000	1300000	7.518
ptg000042l	1300000	1400000	10.444
ptg000042l	1400000	1500000	16.896
ptg000042l	1500000	1600000	5.679
ptg000042l	1600000	1700000	13.483
ptg000042l	1700000	1800000	8.351
ptg000042l	1800000	1900000	3.853
ptg000042l	1900000	2000000	11.664
ptg000042l	2000000	2100000	17.275
ptg000042l	2100000	2200000	40.612
ptg000042l	2200000	2300000	9.37
ptg000042l	2300000	2400000	11.238
ptg000042l	2400000	2500000	3.805
ptg000042l	2500000	2600000	2.359
ptg000042l	2600000	2700000	8.749
ptg000042l	2700000	2800000	8.143
ptg000042l	2800000	2900000	19.609
ptg000042l	2900000	3000000	34.009
ptg000042l	3000000	3100000	19.077
ptg000042l	3100000	3200000	14.249
ptg000042l	3200000	3300000	18.182
ptg000042l	3300000	3400000	18.021
ptg000042l	3400000	3500000	7.081
ptg000042l	3500000	3600000	2.701
ptg000042l	3600000	3700000	5.385
ptg000042l	3700000	3800000	14.531
ptg000042l	3800000	3900000	29.201
ptg000042l	3900000	4000000	5.291
ptg000042l	4000000	4100000	3.911
ptg000042l	4100000	4200000	6.974
ptg000042l	4200000	4300000	16.363
ptg000042l	4300000	4400000	9.345
ptg000042l	4400000	4500000	259.376
ptg000042l	4500000	4503781	1.027
ptg000002l	0	100000	5.798
ptg000002l	100000	200000	12.058
ptg000002l	200000	300000	15.003
ptg000002l	300000	400000	12.653
ptg000002l	400000	500000	19.306
ptg000002l	500000	600000	11.476
ptg000002l	600000	700000	29.077
ptg000002l	700000	800000	19.142
ptg000002l	800000	900000	49.216
ptg000002l	900000	1000000	18.905
ptg000002l	1000000	1100000	26.539
ptg000002l	1100000	1200000	27.471
ptg000002l	1200000	1300000	10.568
ptg000002l	1300000	1400000	17.638
ptg000002l	1400000	1500000	19.483
ptg000002l	1500000	1600000	15.1
ptg000002l	1600000	1700000	11.251
ptg000002l	1700000	1800000	15.081
ptg000002l	1800000	1900000	9.195
ptg000002l	1900000	2000000	18.129
ptg000002l	2000000	2100000	15.1
ptg000002l	2100000	2200000	12.797
ptg000002l	2200000	2300000	18.56
ptg000002l	2300000	2400000	17.784
ptg000002l	2400000	2500000	8.243
ptg000002l	2500000	2600000	19.45
ptg000002l	2600000	2700000	13.435
ptg000002l	2700000	2800000	8.055
ptg000002l	2800000	2900000	5.652
ptg000002l	2900000	3000000	7.532
ptg000002l	3000000	3100000	18.752
ptg000002l	3100000	3200000	9.767
ptg000002l	3200000	3300000	25.016
ptg000002l	3300000	3400000	31.359
ptg000002l	3400000	3500000	18.579
ptg000002l	3500000	3600000	15.901
ptg000002l	3600000	3700000	13.076
ptg000002l	3700000	3800000	26.637
ptg000002l	3800000	3900000	10.849
ptg000002l	3900000	4000000	9.034
ptg000002l	4000000	4100000	7.24
ptg000002l	4100000	4200000	13.211
ptg000002l	4200000	4300000	1489.87
ptg000002l	4300000	4304116	0.029
ptg000071l	0	100000	55.758
ptg000071l	100000	200000	50.584
ptg000071l	200000	300000	30.886
ptg000071l	300000	400000	15.677
ptg000071l	400000	500000	33.871
ptg000071l	500000	600000	45.431
ptg000071l	600000	700000	19.716
ptg000071l	700000	800000	15.994
ptg000071l	800000	900000	24.573
ptg000071l	900000	1000000	32.025
ptg000071l	1000000	1100000	19.468
ptg000071l	1100000	1200000	20.469
ptg000071l	1200000	1300000	22.544
ptg000071l	1300000	1400000	18.189
ptg000071l	1400000	1500000	28.056
ptg000071l	1500000	1600000	20.766
ptg000071l	1600000	1700000	45.679
ptg000071l	1700000	1800000	10.366
ptg000071l	1800000	1900000	18.691
ptg000071l	1900000	2000000	25.468
ptg000071l	2000000	2100000	25.342
ptg000071l	2100000	2200000	46.25
ptg000071l	2200000	2300000	6.658
ptg000071l	2300000	2400000	10.84
ptg000071l	2400000	2500000	10.207
ptg000071l	2500000	2600000	15.706
ptg000071l	2600000	2700000	7.668
ptg000071l	2700000	2800000	17.116
ptg000071l	2800000	2900000	14.8
ptg000071l	2900000	3000000	18.941
ptg000071l	3000000	3100000	31.672
ptg000071l	3100000	3200000	10.205
ptg000071l	3200000	3300000	8.045
ptg000071l	3300000	3400000	5.192
ptg000071l	3400000	3500000	4.609
ptg000071l	3500000	3600000	3.703
ptg000071l	3600000	3700000	9.313
ptg000071l	3700000	3800000	6.003
ptg000071l	3800000	3900000	4.871
ptg000071l	3900000	4000000	6.592
ptg000071l	4000000	4100000	7.33
ptg000071l	4100000	4200000	7.531
ptg000071l	4200000	4300000	6.446
ptg000022l	0	100000	15.603
ptg000022l	100000	200000	20.365
ptg000022l	200000	300000	18.982
ptg000022l	300000	400000	14.649
ptg000022l	400000	500000	4.584
ptg000022l	500000	600000	26.912
ptg000022l	600000	700000	18.021
ptg000022l	700000	800000	20.247
ptg000022l	800000	900000	9.413
ptg000022l	900000	1000000	9.671
ptg000022l	1000000	1100000	5.604
ptg000022l	1100000	1200000	5.884
ptg000022l	1200000	1300000	9.35
ptg000022l	1300000	1400000	10.879
ptg000022l	1400000	1500000	7.55
ptg000022l	1500000	1600000	2.418
ptg000022l	1600000	1700000	3.305
ptg000022l	1700000	1800000	8.4
ptg000022l	1800000	1900000	6.212
ptg000022l	1900000	2000000	3.293
ptg000022l	2000000	2100000	15.866
ptg000022l	2100000	2200000	9.766
ptg000022l	2200000	2300000	5.624
ptg000022l	2300000	2400000	2.227
ptg000022l	2400000	2500000	3.62
ptg000022l	2500000	2600000	4.087
ptg000022l	2600000	2700000	9.388
ptg000022l	2700000	2800000	5.841
ptg000022l	2800000	2900000	1.422
ptg000022l	2900000	3000000	10.905
ptg000022l	3000000	3100000	3.818
ptg000022l	3100000	3200000	7.007
ptg000022l	3200000	3300000	2.846
ptg000022l	3300000	3400000	4.707
ptg000022l	3400000	3500000	7.389
ptg000022l	3500000	3600000	4.94
ptg000022l	3600000	3700000	2.622
ptg000022l	3700000	3800000	5.587
ptg000022l	3800000	3900000	66.402
ptg000022l	3900000	3987529	94.986
ptg000036l	0	100000	15.149
ptg000036l	100000	200000	33.6
ptg000036l	200000	300000	12.775
ptg000036l	300000	400000	9.14
ptg000036l	400000	500000	10.095
ptg000036l	500000	600000	10.313
ptg000036l	600000	700000	7.615
ptg000036l	700000	800000	20.011
ptg000036l	800000	900000	9.298
ptg000036l	900000	1000000	16.829
ptg000036l	1000000	1100000	14.091
ptg000036l	1100000	1200000	8.021
ptg000036l	1200000	1300000	42.157
ptg000036l	1300000	1400000	8.16
ptg000036l	1400000	1500000	17.516
ptg000036l	1500000	1600000	12.439
ptg000036l	1600000	1700000	17.725
ptg000036l	1700000	1800000	24.123
ptg000036l	1800000	1900000	12.574
ptg000036l	1900000	2000000	14.861
ptg000036l	2000000	2100000	33.509
ptg000036l	2100000	2200000	18.035
ptg000036l	2200000	2300000	9.093
ptg000036l	2300000	2400000	12.761
ptg000036l	2400000	2500000	13.562
ptg000036l	2500000	2600000	32.345
ptg000036l	2600000	2700000	41.933
ptg000036l	2700000	2800000	32.081
ptg000036l	2800000	2900000	21.316
ptg000036l	2900000	3000000	19.16
ptg000036l	3000000	3100000	49.556
ptg000036l	3100000	3200000	31.883
ptg000036l	3200000	3300000	29.584
ptg000036l	3300000	3400000	19.943
ptg000036l	3400000	3500000	26.61
ptg000036l	3500000	3600000	24.811
ptg000036l	3600000	3700000	22.959
ptg000036l	3700000	3800000	27.264
ptg000036l	3800000	3900000	78.3156
ptg000036l	3900000	3923985	11.602
ptg000025l	0	100000	13.736
ptg000025l	100000	200000	19.841
ptg000025l	200000	300000	21.063
ptg000025l	300000	400000	20.43
ptg000025l	400000	500000	14.146
ptg000025l	500000	600000	17.658
ptg000025l	600000	700000	13.014
ptg000025l	700000	800000	12.456
ptg000025l	800000	900000	24.417
ptg000025l	900000	1000000	8.397
ptg000025l	1000000	1100000	2.419
ptg000025l	1100000	1200000	3.958
ptg000025l	1200000	1300000	4.442
ptg000025l	1300000	1400000	6.342
ptg000025l	1400000	1500000	8.511
ptg000025l	1500000	1600000	6.207
ptg000025l	1600000	1700000	15.771
ptg000025l	1700000	1800000	15.999
ptg000025l	1800000	1900000	15.226
ptg000025l	1900000	2000000	23.732
ptg000025l	2000000	2100000	21.959
ptg000025l	2100000	2200000	16.36
ptg000025l	2200000	2300000	14.576
ptg000025l	2300000	2400000	10.057
ptg000025l	2400000	2500000	20.714
ptg000025l	2500000	2600000	21.65
ptg000025l	2600000	2700000	21.723
ptg000025l	2700000	2800000	21.133
ptg000025l	2800000	2900000	16.531
ptg000025l	2900000	3000000	30.851
ptg000025l	3000000	3100000	23.179
ptg000025l	3100000	3200000	19.784
ptg000025l	3200000	3300000	10.055
ptg000025l	3300000	3400000	36.167
ptg000025l	3400000	3500000	16.696
ptg000025l	3500000	3600000	138.354
ptg000025l	3600000	3623880	17.124
ptg000026l	0	100000	16.976
ptg000026l	100000	200000	9.122
ptg000026l	200000	300000	10.669
ptg000026l	300000	400000	6.268
ptg000026l	400000	500000	2.825
ptg000026l	500000	600000	5.227
ptg000026l	600000	700000	1.766
ptg000026l	700000	800000	2.474
ptg000026l	800000	900000	11.077
ptg000026l	900000	1000000	9.069
ptg000026l	1000000	1100000	7.337
ptg000026l	1100000	1200000	17.355
ptg000026l	1200000	1300000	7.193
ptg000026l	1300000	1400000	4.304
ptg000026l	1400000	1500000	7.647
ptg000026l	1500000	1600000	4.455
ptg000026l	1600000	1700000	6.013
ptg000026l	1700000	1800000	14.163
ptg000026l	1800000	1900000	23.796
ptg000026l	1900000	2000000	17.936
ptg000026l	2000000	2100000	13.679
ptg000026l	2100000	2200000	12.623
ptg000026l	2200000	2300000	24.987
ptg000026l	2300000	2400000	13.378
ptg000026l	2400000	2500000	1.906
ptg000026l	2500000	2600000	8.645
ptg000026l	2600000	2700000	15.308
ptg000026l	2700000	2800000	11.166
ptg000026l	2800000	2900000	17.865
ptg000026l	2900000	3000000	17.595
ptg000026l	3000000	3100000	16.002
ptg000026l	3100000	3200000	113.236
ptg000026l	3200000	3262030	58.254
ptg000005l	0	100000	43.323
ptg000005l	100000	200000	40.283
ptg000005l	200000	300000	41.183
ptg000005l	300000	400000	44.98
ptg000005l	400000	500000	47.287
ptg000005l	500000	600000	41.168
ptg000005l	600000	700000	37.56
ptg000005l	700000	800000	42.467
ptg000005l	800000	900000	53.931
ptg000005l	900000	1000000	50.673
ptg000005l	1000000	1100000	45.673
ptg000005l	1100000	1200000	52.991
ptg000005l	1200000	1300000	56.375
ptg000005l	1300000	1400000	46.028
ptg000005l	1400000	1500000	50.301
ptg000005l	1500000	1600000	46.507
ptg000005l	1600000	1700000	47.278
ptg000005l	1700000	1800000	47.191
ptg000005l	1800000	1900000	48.368
ptg000005l	1900000	2000000	50.222
ptg000005l	2000000	2100000	42.55
ptg000005l	2100000	2200000	12.65
ptg000005l	2200000	2300000	19.894
ptg000005l	2300000	2400000	51.594
ptg000005l	2400000	2500000	50.605
ptg000005l	2500000	2600000	34.604
ptg000005l	2600000	2700000	44.632
ptg000005l	2700000	2800000	60.952
ptg000005l	2800000	2900000	88.401
ptg000005l	2900000	2947461	107.124
ptg000044l	0	100000	37.501
ptg000044l	100000	200000	7.431
ptg000044l	200000	300000	14.331
ptg000044l	300000	400000	16.175
ptg000044l	400000	500000	23.721
ptg000044l	500000	600000	7.619
ptg000044l	600000	700000	21.302
ptg000044l	700000	800000	11.4
ptg000044l	800000	900000	7.072
ptg000044l	900000	1000000	7.344
ptg000044l	1000000	1100000	13.848
ptg000044l	1100000	1200000	10.64
ptg000044l	1200000	1300000	25.36
ptg000044l	1300000	1400000	12.217
ptg000044l	1400000	1500000	13.151
ptg000044l	1500000	1600000	18.075
ptg000044l	1600000	1700000	6.943
ptg000044l	1700000	1800000	10.983
ptg000044l	1800000	1900000	13.648
ptg000044l	1900000	2000000	4.401
ptg000044l	2000000	2100000	2.202
ptg000044l	2100000	2200000	5.344
ptg000044l	2200000	2300000	16.027
ptg000044l	2300000	2400000	3.402
ptg000044l	2400000	2500000	6.32
ptg000044l	2500000	2600000	5.033
ptg000044l	2600000	2700000	4.086
ptg000044l	2700000	2800000	5.244
ptg000044l	2800000	2900000	21.8314
ptg000044l	2900000	2937808	11.375
ptg000012l	0	100000	12.954
ptg000012l	100000	200000	11.988
ptg000012l	200000	300000	18.221
ptg000012l	300000	400000	31.04
ptg000012l	400000	500000	17.09
ptg000012l	500000	600000	9.779
ptg000012l	600000	700000	16.528
ptg000012l	700000	800000	21.266
ptg000012l	800000	900000	17.735
ptg000012l	900000	1000000	19.513
ptg000012l	1000000	1100000	9.628
ptg000012l	1100000	1200000	10.005
ptg000012l	1200000	1300000	15.277
ptg000012l	1300000	1400000	10.2
ptg000012l	1400000	1500000	9.551
ptg000012l	1500000	1600000	7.527
ptg000012l	1600000	1700000	21.816
ptg000012l	1700000	1800000	34.501
ptg000012l	1800000	1900000	26.81
ptg000012l	1900000	2000000	16.293
ptg000012l	2000000	2100000	18.04
ptg000012l	2100000	2200000	30.114
ptg000012l	2200000	2300000	24.332
ptg000012l	2300000	2400000	16.289
ptg000012l	2400000	2500000	52.626
ptg000012l	2500000	2600000	40.114
ptg000012l	2600000	2700000	82.6445
ptg000012l	2700000	2730947	39.828
ptg000027l	0	100000	7.304
ptg000027l	100000	200000	5.266
ptg000027l	200000	300000	8.628
ptg000027l	300000	400000	9.093
ptg000027l	400000	500000	4.123
ptg000027l	500000	600000	4.27
ptg000027l	600000	700000	7.913
ptg000027l	700000	800000	4.572
ptg000027l	800000	900000	4.549
ptg000027l	900000	1000000	13.407
ptg000027l	1000000	1100000	14.87
ptg000027l	1100000	1200000	31.346
ptg000027l	1200000	1300000	15.589
ptg000027l	1300000	1400000	21.782
ptg000027l	1400000	1500000	7.309
ptg000027l	1500000	1600000	3.488
ptg000027l	1600000	1700000	4.542
ptg000027l	1700000	1800000	3.975
ptg000027l	1800000	1900000	9.604
ptg000027l	1900000	2000000	3.329
ptg000027l	2000000	2100000	2.184
ptg000027l	2100000	2200000	6.942
ptg000027l	2200000	2300000	2.157
ptg000027l	2300000	2400000	7.508
ptg000027l	2400000	2500000	8.437
ptg000027l	2500000	2600000	26.0226
ptg000027l	2600000	2674224	23.7539
ptg000031l	0	100000	40.773
ptg000031l	100000	200000	20.768
ptg000031l	200000	300000	16.768
ptg000031l	300000	400000	23.958
ptg000031l	400000	500000	26.602
ptg000031l	500000	600000	17.558
ptg000031l	600000	700000	46.381
ptg000031l	700000	800000	28.366
ptg000031l	800000	900000	30.846
ptg000031l	900000	1000000	38.897
ptg000031l	1000000	1100000	18.236
ptg000031l	1100000	1200000	21.481
ptg000031l	1200000	1300000	8.044
ptg000031l	1300000	1400000	12.906
ptg000031l	1400000	1500000	5.387
ptg000031l	1500000	1600000	15.045
ptg000031l	1600000	1700000	5.457
ptg000031l	1700000	1800000	7.048
ptg000031l	1800000	1900000	9.033
ptg000031l	1900000	2000000	9.947
ptg000031l	2000000	2100000	9.303
ptg000031l	2100000	2200000	22.661
ptg000031l	2200000	2300000	11.203
ptg000031l	2300000	2400000	20.3208
ptg000031l	2400000	2479062	27.295
ptg000073l	0	100000	2.494
ptg000073l	100000	200000	1.474
ptg000073l	200000	300000	5.41
ptg000073l	300000	400000	6.232
ptg000073l	400000	500000	3.015
ptg000073l	500000	600000	2.133
ptg000073l	600000	700000	3.443
ptg000073l	700000	800000	7.034
ptg000073l	800000	900000	13.844
ptg000073l	900000	1000000	21.728
ptg000073l	1000000	1100000	7.777
ptg000073l	1100000	1200000	3.039
ptg000073l	1200000	1300000	0.979
ptg000073l	1300000	1400000	17.854
ptg000073l	1400000	1500000	3.161
ptg000073l	1500000	1600000	6.363
ptg000073l	1600000	1700000	5.125
ptg000073l	1700000	1800000	7.567
ptg000073l	1800000	1900000	8.278
ptg000073l	1900000	2000000	11.3961
ptg000073l	2000000	2083283	23.958
ptg000040l	0	100000	25.94
ptg000040l	100000	200000	33.852
ptg000040l	200000	300000	34.342
ptg000040l	300000	400000	70.133
ptg000040l	400000	500000	21.511
ptg000040l	500000	600000	26.329
ptg000040l	600000	700000	5.889
ptg000040l	700000	800000	21.64
ptg000040l	800000	900000	22.093
ptg000040l	900000	1000000	13.833
ptg000040l	1000000	1100000	11.835
ptg000040l	1100000	1200000	10.561
ptg000040l	1200000	1300000	20.783
ptg000040l	1300000	1400000	15.611
ptg000040l	1400000	1500000	16.313
ptg000040l	1500000	1600000	23.607
ptg000040l	1600000	1700000	15.737
ptg000040l	1700000	1800000	33.438
ptg000040l	1800000	1900000	55.115
ptg000040l	1900000	2000000	52.9075
ptg000040l	2000000	2056234	1.318
ptg000035l	0	100000	14.467
ptg000035l	100000	200000	15.711
ptg000035l	200000	300000	21.015
ptg000035l	300000	400000	15.44
ptg000035l	400000	500000	11.398
ptg000035l	500000	600000	19.108
ptg000035l	600000	700000	13.818
ptg000035l	700000	800000	4.308
ptg000035l	800000	900000	13.505
ptg000035l	900000	1000000	7.118
ptg000035l	1000000	1100000	20.748
ptg000035l	1100000	1200000	22.698
ptg000035l	1200000	1300000	9.882
ptg000035l	1300000	1400000	10.136
ptg000035l	1400000	1500000	9.997
ptg000035l	1500000	1600000	15.616
ptg000035l	1600000	1700000	19.627
ptg000035l	1700000	1800000	15.352
ptg000035l	1800000	1900000	11.5806
ptg000035l	1900000	1969461	20.852
ptg000014l	0	100000	0.4
ptg000014l	100000	200000	23.521
ptg000014l	200000	300000	20.349
ptg000014l	300000	400000	22.924
ptg000014l	400000	500000	30.284
ptg000014l	500000	600000	31.602
ptg000014l	600000	700000	28.392
ptg000014l	700000	800000	24.25
ptg000014l	800000	900000	44.616
ptg000014l	900000	1000000	50.5
ptg000014l	1000000	1100000	39.317
ptg000014l	1100000	1200000	44.279
ptg000014l	1200000	1300000	24.984
ptg000014l	1300000	1400000	14.667
ptg000014l	1400000	1500000	11.75
ptg000014l	1500000	1600000	19.454
ptg000014l	1600000	1700000	37.87
ptg000014l	1700000	1800000	36.631
ptg000014l	1800000	1900000	58.2815
ptg000014l	1900000	1948904	22.588
ptg000061l	0	100000	26.495
ptg000061l	100000	200000	22.263
ptg000061l	200000	300000	23.119
ptg000061l	300000	400000	39.596
ptg000061l	400000	500000	15.339
ptg000061l	500000	600000	23.408
ptg000061l	600000	700000	20.442
ptg000061l	700000	800000	32.181
ptg000061l	800000	900000	27.442
ptg000061l	900000	1000000	17.192
ptg000061l	1000000	1100000	15.135
ptg000061l	1100000	1200000	27.708
ptg000061l	1200000	1300000	19.683
ptg000061l	1300000	1400000	9.777
ptg000061l	1400000	1500000	8.705
ptg000061l	1500000	1600000	20.779
ptg000061l	1600000	1700000	27.084
ptg000061l	1700000	1800000	37.6432
ptg000061l	1800000	1821300	4.489
ptg000118l	0	100000	13.146
ptg000118l	100000	200000	13.517
ptg000118l	200000	300000	36.517
ptg000118l	300000	400000	10.386
ptg000118l	400000	500000	29.502
ptg000118l	500000	600000	15.69
ptg000118l	600000	700000	5.867
ptg000118l	700000	800000	13.421
ptg000118l	800000	900000	22.382
ptg000118l	900000	1000000	37.157
ptg000118l	1000000	1100000	21.717
ptg000118l	1100000	1200000	17.711
ptg000118l	1200000	1300000	24.414
ptg000118l	1300000	1400000	14.001
ptg000118l	1400000	1500000	5.147
ptg000118l	1500000	1600000	14.383
ptg000039l	0	100000	14.283
ptg000039l	100000	200000	24.909
ptg000039l	200000	300000	23.632
ptg000039l	300000	400000	31.298
ptg000039l	400000	500000	34.606
ptg000039l	500000	600000	23.812
ptg000039l	600000	700000	15.993
ptg000039l	700000	800000	23.434
ptg000039l	800000	900000	16.107
ptg000039l	900000	1000000	35.741
ptg000039l	1000000	1100000	52.349
ptg000039l	1100000	1200000	50.148
ptg000039l	1200000	1300000	28.283
ptg000039l	1300000	1400000	30.625
ptg000039l	1400000	1500000	418.333
ptg000039l	1500000	1507571	1.179
ptg000033l	0	100000	7.977
ptg000033l	100000	200000	16
ptg000033l	200000	300000	7.543
ptg000033l	300000	400000	15.094
ptg000033l	400000	500000	20.713
ptg000033l	500000	600000	10.78
ptg000033l	600000	700000	25.15
ptg000033l	700000	800000	16.089
ptg000033l	800000	900000	20.255
ptg000033l	900000	1000000	31.933
ptg000033l	1000000	1100000	32.438
ptg000033l	1100000	1200000	20.546
ptg000033l	1200000	1300000	8.417
ptg000033l	1300000	1400000	4.49434
ptg000033l	1400000	1486531	19.734
ptg000029l	0	100000	20.347
ptg000029l	100000	200000	25.921
ptg000029l	200000	300000	30.296
ptg000029l	300000	400000	30.389
ptg000029l	400000	500000	64.463
ptg000029l	500000	600000	46.421
ptg000029l	600000	700000	27.174
ptg000029l	700000	800000	30.253
ptg000029l	800000	900000	29.494
ptg000029l	900000	1000000	40.437
ptg000029l	1000000	1100000	54.214
ptg000029l	1100000	1200000	47.784
ptg000029l	1200000	1300000	24.383
ptg000029l	1300000	1400000	32.202
ptg000029l	1400000	1479936	37.097
ptg000015l	0	100000	18.286
ptg000015l	100000	200000	13.331
ptg000015l	200000	300000	6.834
ptg000015l	300000	400000	7.808
ptg000015l	400000	500000	10.551
ptg000015l	500000	600000	4.189
ptg000015l	600000	700000	2.503
ptg000015l	700000	800000	20.542
ptg000015l	800000	900000	25.474
ptg000015l	900000	1000000	23.841
ptg000015l	1000000	1100000	12.246
ptg000015l	1100000	1200000	21.71
ptg000015l	1200000	1300000	11.3233
ptg000015l	1300000	1382591	15.779
ptg000045l	0	100000	52.269
ptg000045l	100000	200000	35.66
ptg000045l	200000	300000	37.937
ptg000045l	300000	400000	34.18
ptg000045l	400000	500000	43.894
ptg000045l	500000	600000	41.597
ptg000045l	600000	700000	35.841
ptg000045l	700000	800000	18.881
ptg000045l	800000	900000	14.099
ptg000045l	900000	1000000	31.075
ptg000045l	1000000	1100000	30.717
ptg000045l	1100000	1200000	35.368
ptg000045l	1200000	1300000	26.7282
ptg000045l	1300000	1382138	26.894
ptg000047l	0	100000	53.191
ptg000047l	100000	200000	32.567
ptg000047l	200000	300000	43.433
ptg000047l	300000	400000	50.668
ptg000047l	400000	500000	31.843
ptg000047l	500000	600000	48.576
ptg000047l	600000	700000	44.447
ptg000047l	700000	800000	49.768
ptg000047l	800000	900000	29.876
ptg000047l	900000	1000000	54.794
ptg000047l	1000000	1100000	40.051
ptg000047l	1100000	1200000	41.373
ptg000047l	1200000	1300000	95.3908
ptg000047l	1300000	1341591	146.839
ptg000063l	0	100000	48.846
ptg000063l	100000	200000	13.595
ptg000063l	200000	300000	26.092
ptg000063l	300000	400000	13.566
ptg000063l	400000	500000	25.803
ptg000063l	500000	600000	20.238
ptg000063l	600000	700000	26.602
ptg000063l	700000	800000	10.416
ptg000063l	800000	900000	13.593
ptg000063l	900000	1000000	31.39
ptg000063l	1000000	1100000	14.31
ptg000063l	1100000	1200000	39.0488
ptg000063l	1200000	1279498	7.967
ptg000020l	0	100000	18.438
ptg000020l	100000	200000	24.535
ptg000020l	200000	300000	22.73
ptg000020l	300000	400000	22.133
ptg000020l	400000	500000	34.477
ptg000020l	500000	600000	20.439
ptg000020l	600000	700000	54.154
ptg000020l	700000	800000	7.842
ptg000020l	800000	900000	12.359
ptg000020l	900000	1000000	11.0994
ptg000020l	1000000	1089861	24.216
ptg000060l	0	100000	25.368
ptg000060l	100000	200000	12.091
ptg000060l	200000	300000	6.868
ptg000060l	300000	400000	8.505
ptg000060l	400000	500000	6.264
ptg000060l	500000	600000	9.61
ptg000060l	600000	700000	3.607
ptg000060l	700000	800000	4.907
ptg000060l	800000	900000	23.6199
ptg000060l	900000	925868	0.911
ptg000051l	0	100000	7.282
ptg000051l	100000	200000	4.773
ptg000051l	200000	300000	7.783
ptg000051l	300000	400000	5.617
ptg000051l	400000	500000	3.143
ptg000051l	500000	600000	4.272
ptg000051l	600000	700000	34.33
ptg000051l	700000	800000	14.167
ptg000051l	800000	900000	97.6016
ptg000051l	900000	908881	13.0201
ptg000090l	0	100000	58.419
ptg000090l	100000	200000	60.186
ptg000090l	200000	300000	46.213
ptg000090l	300000	400000	48.932
ptg000090l	400000	500000	53.83
ptg000090l	500000	600000	37.379
ptg000090l	600000	700000	57.362
ptg000090l	700000	800000	47.491
ptg000090l	800000	900000	35.624
ptg000096l	0	100000	29.568
ptg000096l	100000	200000	44.449
ptg000096l	200000	300000	33.424
ptg000096l	300000	400000	45.967
ptg000096l	400000	500000	33.14
ptg000096l	500000	600000	13.159
ptg000096l	600000	700000	44.852
ptg000096l	700000	775700	24.417
ptg000058l	0	100000	25.114
ptg000058l	100000	200000	36.36
ptg000058l	200000	300000	19.893
ptg000058l	300000	400000	35.542
ptg000058l	400000	500000	23.269
ptg000058l	500000	600000	35.556
ptg000058l	600000	700000	44.1797
ptg000058l	700000	742472	3.89207
ptg000018l	0	100000	17.088
ptg000018l	100000	200000	13.219
ptg000018l	200000	300000	4.109
ptg000018l	300000	400000	7.567
ptg000018l	400000	500000	2.995
ptg000018l	500000	600000	7.908
ptg000018l	600000	700000	94.7033
ptg000018l	700000	716652	1.226
ptg000074l	0	100000	33.693
ptg000074l	100000	200000	18.11
ptg000074l	200000	300000	37.939
ptg000074l	300000	400000	16.828
ptg000074l	400000	500000	7.297
ptg000074l	500000	600000	31.4917
ptg000074l	600000	633104	13.511
ptg000024l	0	100000	27.712
ptg000024l	100000	200000	15.932
ptg000024l	200000	300000	6.681
ptg000024l	300000	400000	8.895
ptg000024l	400000	500000	9.323
ptg000024l	500000	600000	21.364
ptg000116l	0	100000	35.907
ptg000116l	100000	200000	18.516
ptg000116l	200000	300000	46.644
ptg000116l	300000	400000	46.03
ptg000116l	400000	500000	122.288
ptg000116l	500000	525238	6.454
ptg000066l	0	100000	24.117
ptg000066l	100000	200000	30.634
ptg000066l	200000	300000	18.9
ptg000066l	300000	400000	34.233
ptg000066l	400000	500000	389.652
ptg000066l	500000	519907	26.549
ptg000079l	0	100000	25.534
ptg000079l	100000	200000	11.017
ptg000079l	200000	300000	24.588
ptg000079l	300000	400000	12.184
ptg000079l	400000	483733	69.744
ptg000083l	0	100000	27.292
ptg000083l	100000	200000	15.05
ptg000083l	200000	300000	31.07
ptg000083l	300000	400000	30.8715
ptg000083l	400000	453010	18.609
ptg000008l	0	100000	18.391
ptg000008l	100000	200000	18.104
ptg000008l	200000	300000	15.985
ptg000008l	300000	400000	37.0105
ptg000008l	400000	450437	10.062
ptg000089l	0	100000	54.132
ptg000089l	100000	200000	77.559
ptg000089l	200000	300000	25.287
ptg000089l	300000	400000	3.757
ptg000082l	0	100000	5.711
ptg000082l	100000	200000	4.923
ptg000082l	200000	300000	19.6111
ptg000082l	300000	393600	23.628
ptg000055l	0	100000	26.007
ptg000055l	100000	200000	47.338
ptg000055l	200000	300000	32.1989
ptg000055l	300000	386183	19.64
ptg000034l	0	100000	95.694
ptg000034l	100000	200000	99.392
ptg000034l	200000	300000	786.837
ptg000034l	300000	311396	10.801
ptg000148l	0	100000	32.974
ptg000148l	100000	200000	43.667
ptg000148l	200000	300000	1420.88
ptg000148l	300000	303367	0.926629
ptg000168l	0	100000	88.015
ptg000168l	100000	200000	106.313
ptg000168l	200000	299543	108.947
ptg000197l	0	100000	113.404
ptg000197l	100000	200000	158.728
ptg000197l	200000	256421	125.623
ptg000062l	0	100000	115.826
ptg000062l	100000	200000	187.282
ptg000062l	200000	251203	48.604
ptg000076l	0	100000	14.747
ptg000076l	100000	200000	21.6261
ptg000076l	200000	235582	9.978
ptg000220l	0	100000	25.58
ptg000220l	100000	200000	40.5938
ptg000220l	200000	230246	24.6626
ptg000068l	0	100000	93.294
ptg000068l	100000	200000	755.689
ptg000068l	200000	214369	10.2052
ptg000070l	0	100000	94.7355
ptg000070l	100000	193666	103.077
ptg000094l	0	100000	139.537
ptg000094l	100000	169325	61.349
ptg000056l	0	100000	13.6126
ptg000056l	100000	165814	14.541
ptg000087l	0	100000	171.222
ptg000087l	100000	158110	50.267
ptg000098l	0	100000	181.283
ptg000098l	100000	154661	53.2617
ptg000230l	0	100000	76.3756
ptg000230l	100000	151578	149.008
ptg000086l	0	100000	100.252
ptg000086l	100000	151574	15.366
ptg000172l	0	100000	254.833
ptg000172l	100000	133868	34.906
ptg000064l	0	100000	56.0276
ptg000064l	100000	132625	5.132
ptg000046l	0	100000	95.469
ptg000046l	100000	132134	29.027
ptg000174l	0	100000	409.125
ptg000174l	100000	128701	45.8061
ptg000123l	0	100000	424.238
ptg000123l	100000	124136	14.6558
ptg000354l	0	100000	513.559
ptg000354l	100000	118799	64.575
ptg000143l	0	100000	670.88
ptg000143l	100000	115000	15.034
ptg000107l	0	100000	778.322
ptg000107l	100000	111634	11.624
ptg000268l	0	100000	2548.08
ptg000268l	100000	104470	7.74783
ptg000133l	0	100000	3028.05
ptg000133l	100000	103095	0.065
ptg000111l	0	100000	3887.8
ptg000111l	100000	102426	10.513
ptg000219l	0	100000	4976.35
ptg000219l	100000	101607	0.204
ptg000289l	0	100000	6845.58
ptg000289l	100000	101266	25.3915
ptg000147l	0	100000	64.836
ptg000119l	0	100000	58.3267
ptg000132l	0	99581	49.008
ptg000059l	0	97840	91.657
ptg000028l	0	93109	92.219
ptg000126l	0	91984	74.1232
ptg000099l	0	86595	64.8999
ptg000112l	0	80681	73.115
ptg000105l	0	78883	73.898
ptg000129l	0	78697	64.0132
ptg000010l	0	77986	27.215
ptg000203l	0	73942	204.951
ptg000265l	0	73450	24.935
ptg000216l	0	72530	82.6642
ptg000052l	0	70821	55.964
ptg000128l	0	69340	98.7725
ptg000252l	0	66290	157.138
ptg000213l	0	64266	100.458
ptg000310l	0	63829	231.525
ptg000296l	0	63797	273.541
ptg000069l	0	63164	69.481
ptg000214l	0	63105	291.171
ptg000286l	0	59484	59.699
ptg000199l	0	58872	175.044
ptg000184l	0	54552	184.583
ptg000121l	0	52794	64.838
ptg000405l	0	52585	145.278
ptg000180l	0	50478	105.052
ptg000226l	0	48458	56.514
ptg000274l	0	46413	51.9085
ptg000207l	0	44519	79.6502
ptg000366l	0	42955	151.159
ptg000350l	0	40521	159.735
ptg000201l	0	39393	34.3242
ptg000283l	0	37415	69.9667
ptg000256l	0	36181	59.228
ptg000247l	0	35593	127.211
ptg000217l	0	34472	243.206
ptg000279l	0	33534	155.46
ptg000482l	0	33492	165.6
ptg000250l	0	32722	56.0492
ptg000367l	0	31670	82.611
ptg000007l	0	31417	42.533
ptg000191l	0	29604	23.096
ptg000306l	0	29223	36.2233
ptg000406l	0	25995	9.49909
ptg000311l	0	25691	50.2209
ptg000246l	0	24948	28.1179
ptg000472l	0	24337	20.8348
ptg000050l	0	23837	6.37
ptg000353l	0	23713	25.671
ptg000416l	0	23697	67.0722
ptg000237l	0	23545	38.3518
ptg000502l	0	23395	7.36923
ptg000444l	0	23265	0.470958
ptg000520l	0	22759	36.5001
ptg000491l	0	22671	8.86942
ptg000358l	0	21163	51.1512
ptg000439l	0	20708	2.13467
ptg000215l	0	20025	0.867227
ptg000483l	0	19977	11.2875
ptg000513l	0	19968	37.3475
ptg000151l	0	19749	12.694
ptg000281l	0	19346	5.01403
ptg000442l	0	18845	0.378251
ptg000427l	0	18577	49.9759
ptg000280l	0	18269	17.8073
ptg000505l	0	18143	87.9407
ptg000523l	0	17515	9.23209
ptg000514l	0	16716	98.2217
ptg000304l	0	15889	31.2117
ptg000440l	0	15787	12.6983
ptg000518l	0	14816	1.36649
ptg000463l	0	14014	8.30751
ptg000517l	0	13890	0.803186
ptg000471l	0	13879	21.7323
ptg000218l	0	13320	0.488
