BX284601.5 0 100000 0.3573
BX284601.5 100000 200000 0.3693
BX284601.5 200000 300000 0.36445
BX284601.5 300000 400000 0.35621
BX284601.5 400000 500000 0.35999
BX284601.5 500000 600000 0.38676
BX284601.5 600000 700000 0.35695
BX284601.5 700000 800000 0.38983
BX284601.5 800000 900000 0.38418
BX284601.5 900000 1000000 0.38879
BX284601.5 1000000 1100000 0.36429
BX284601.5 1100000 1200000 0.34584
BX284601.5 1200000 1300000 0.34681
BX284601.5 1300000 1400000 0.34072
BX284601.5 1400000 1500000 0.35081
BX284601.5 1500000 1600000 0.34078
BX284601.5 1600000 1700000 0.35635
BX284601.5 1700000 1800000 0.35948
BX284601.5 1800000 1900000 0.37356
BX284601.5 1900000 2000000 0.3176
BX284601.5 2000000 2100000 0.37021
BX284601.5 2100000 2200000 0.33509
BX284601.5 2200000 2300000 0.36709
BX284601.5 2300000 2400000 0.36662
BX284601.5 2400000 2500000 0.35484
BX284601.5 2500000 2600000 0.35932
BX284601.5 2600000 2700000 0.39384
BX284601.5 2700000 2800000 0.3794
BX284601.5 2800000 2900000 0.36732
BX284601.5 2900000 3000000 0.35325
BX284601.5 3000000 3100000 0.33035
BX284601.5 3100000 3200000 0.34911
BX284601.5 3200000 3300000 0.35623
BX284601.5 3300000 3400000 0.36669
BX284601.5 3400000 3500000 0.36275
BX284601.5 3500000 3600000 0.33731
BX284601.5 3600000 3700000 0.36499
BX284601.5 3700000 3800000 0.37345
BX284601.5 3800000 3900000 0.37651
BX284601.5 3900000 4000000 0.37494
BX284601.5 4000000 4100000 0.37303
BX284601.5 4100000 4200000 0.36013
BX284601.5 4200000 4300000 0.35225
BX284601.5 4300000 4400000 0.38659
BX284601.5 4400000 4500000 0.34503
BX284601.5 4500000 4600000 0.35046
BX284601.5 4600000 4700000 0.3558
BX284601.5 4700000 4800000 0.35895
BX284601.5 4800000 4900000 0.34113
BX284601.5 4900000 5000000 0.36659
BX284601.5 5000000 5100000 0.34668
BX284601.5 5100000 5200000 0.36401
BX284601.5 5200000 5300000 0.34714
BX284601.5 5300000 5400000 0.35304
BX284601.5 5400000 5500000 0.34023
BX284601.5 5500000 5600000 0.34961
BX284601.5 5600000 5700000 0.35271
BX284601.5 5700000 5800000 0.33829
BX284601.5 5800000 5900000 0.34663
BX284601.5 5900000 6000000 0.34317
BX284601.5 6000000 6100000 0.34589
BX284601.5 6100000 6200000 0.35531
BX284601.5 6200000 6300000 0.35401
BX284601.5 6300000 6400000 0.35639
BX284601.5 6400000 6500000 0.35538
BX284601.5 6500000 6600000 0.34833
BX284601.5 6600000 6700000 0.33473
BX284601.5 6700000 6800000 0.35405
BX284601.5 6800000 6900000 0.34837
BX284601.5 6900000 7000000 0.3323
BX284601.5 7000000 7100000 0.36061
BX284601.5 7100000 7200000 0.3444
BX284601.5 7200000 7300000 0.36196
BX284601.5 7300000 7400000 0.35189
BX284601.5 7400000 7500000 0.34278
BX284601.5 7500000 7600000 0.34871
BX284601.5 7600000 7700000 0.35185
BX284601.5 7700000 7800000 0.35348
BX284601.5 7800000 7900000 0.34771
BX284601.5 7900000 8000000 0.36005
BX284601.5 8000000 8100000 0.3508
BX284601.5 8100000 8200000 0.33418
BX284601.5 8200000 8300000 0.3529
BX284601.5 8300000 8400000 0.33918
BX284601.5 8400000 8500000 0.34978
BX284601.5 8500000 8600000 0.33815
BX284601.5 8600000 8700000 0.35521
BX284601.5 8700000 8800000 0.34725
BX284601.5 8800000 8900000 0.35133
BX284601.5 8900000 9000000 0.36198
BX284601.5 9000000 9100000 0.33919
BX284601.5 9100000 9200000 0.35572
BX284601.5 9200000 9300000 0.341
BX284601.5 9300000 9400000 0.34778
BX284601.5 9400000 9500000 0.35129
BX284601.5 9500000 9600000 0.3625
BX284601.5 9600000 9700000 0.35834
BX284601.5 9700000 9800000 0.34376
BX284601.5 9800000 9900000 0.34156
BX284601.5 9900000 10000000 0.35614
BX284601.5 10000000 10100000 0.35047
BX284601.5 10100000 10200000 0.35043
BX284601.5 10200000 10300000 0.3463
BX284601.5 10300000 10400000 0.33909
BX284601.5 10400000 10500000 0.36674
BX284601.5 10500000 10600000 0.34823
BX284601.5 10600000 10700000 0.35542
BX284601.5 10700000 10800000 0.35389
BX284601.5 10800000 10900000 0.35031
BX284601.5 10900000 11000000 0.33591
BX284601.5 11000000 11100000 0.35881
BX284601.5 11100000 11200000 0.38091
BX284601.5 11200000 11300000 0.37214
BX284601.5 11300000 11400000 0.35609
BX284601.5 11400000 11500000 0.38068
BX284601.5 11500000 11600000 0.39097
BX284601.5 11600000 11700000 0.37757
BX284601.5 11700000 11800000 0.40387
BX284601.5 11800000 11900000 0.34459
BX284601.5 11900000 12000000 0.35747
BX284601.5 12000000 12100000 0.3666
BX284601.5 12100000 12200000 0.35533
BX284601.5 12200000 12300000 0.38756
BX284601.5 12300000 12400000 0.37499
BX284601.5 12400000 12500000 0.3724
BX284601.5 12500000 12600000 0.39586
BX284601.5 12600000 12700000 0.36978
BX284601.5 12700000 12800000 0.3484
BX284601.5 12800000 12900000 0.34684
BX284601.5 12900000 13000000 0.3594
BX284601.5 13000000 13100000 0.34097
BX284601.5 13100000 13200000 0.36271
BX284601.5 13200000 13300000 0.36975
BX284601.5 13300000 13400000 0.35317
BX284601.5 13400000 13500000 0.33488
BX284601.5 13500000 13600000 0.33609
BX284601.5 13600000 13700000 0.35054
BX284601.5 13700000 13800000 0.34654
BX284601.5 13800000 13900000 0.33973
BX284601.5 13900000 14000000 0.38861
BX284601.5 14000000 14100000 0.38511
BX284601.5 14100000 14200000 0.37667
BX284601.5 14200000 14300000 0.38865
BX284601.5 14300000 14400000 0.38075
BX284601.5 14400000 14500000 0.34268
BX284601.5 14500000 14600000 0.3358
BX284601.5 14600000 14700000 0.34855
BX284601.5 14700000 14800000 0.35887
BX284601.5 14800000 14900000 0.38672
BX284601.5 14900000 15000000 0.36143
BX284601.5 15000000 15072434 0.397824
BX284602.5 0 100000 0.35461
BX284602.5 100000 200000 0.36072
BX284602.5 200000 300000 0.35682
BX284602.5 300000 400000 0.34677
BX284602.5 400000 500000 0.34357
BX284602.5 500000 600000 0.3489
BX284602.5 600000 700000 0.37704
BX284602.5 700000 800000 0.3575
BX284602.5 800000 900000 0.38433
BX284602.5 900000 1000000 0.37579
BX284602.5 1000000 1100000 0.3751
BX284602.5 1100000 1200000 0.35813
BX284602.5 1200000 1300000 0.36797
BX284602.5 1300000 1400000 0.35092
BX284602.5 1400000 1500000 0.37011
BX284602.5 1500000 1600000 0.35974
BX284602.5 1600000 1700000 0.38719
BX284602.5 1700000 1800000 0.3758
BX284602.5 1800000 1900000 0.35783
BX284602.5 1900000 2000000 0.36623
BX284602.5 2000000 2100000 0.37095
BX284602.5 2100000 2200000 0.35608
BX284602.5 2200000 2300000 0.37691
BX284602.5 2300000 2400000 0.35411
BX284602.5 2400000 2500000 0.36073
BX284602.5 2500000 2600000 0.37565
BX284602.5 2600000 2700000 0.38425
BX284602.5 2700000 2800000 0.39289
BX284602.5 2800000 2900000 0.37171
BX284602.5 2900000 3000000 0.37579
BX284602.5 3000000 3100000 0.38351
BX284602.5 3100000 3200000 0.3959
BX284602.5 3200000 3300000 0.37352
BX284602.5 3300000 3400000 0.3717
BX284602.5 3400000 3500000 0.38487
BX284602.5 3500000 3600000 0.37029
BX284602.5 3600000 3700000 0.3775
BX284602.5 3700000 3800000 0.38166
BX284602.5 3800000 3900000 0.36335
BX284602.5 3900000 4000000 0.37863
BX284602.5 4000000 4100000 0.37192
BX284602.5 4100000 4200000 0.3759
BX284602.5 4200000 4300000 0.35911
BX284602.5 4300000 4400000 0.34756
BX284602.5 4400000 4500000 0.36055
BX284602.5 4500000 4600000 0.34982
BX284602.5 4600000 4700000 0.3548
BX284602.5 4700000 4800000 0.36429
BX284602.5 4800000 4900000 0.36138
BX284602.5 4900000 5000000 0.36664
BX284602.5 5000000 5100000 0.3607
BX284602.5 5100000 5200000 0.34223
BX284602.5 5200000 5300000 0.34935
BX284602.5 5300000 5400000 0.35474
BX284602.5 5400000 5500000 0.35454
BX284602.5 5500000 5600000 0.35243
BX284602.5 5600000 5700000 0.35955
BX284602.5 5700000 5800000 0.35096
BX284602.5 5800000 5900000 0.35411
BX284602.5 5900000 6000000 0.34857
BX284602.5 6000000 6100000 0.35457
BX284602.5 6100000 6200000 0.35395
BX284602.5 6200000 6300000 0.35162
BX284602.5 6300000 6400000 0.35
BX284602.5 6400000 6500000 0.35196
BX284602.5 6500000 6600000 0.35312
BX284602.5 6600000 6700000 0.35699
BX284602.5 6700000 6800000 0.353
BX284602.5 6800000 6900000 0.35629
BX284602.5 6900000 7000000 0.34643
BX284602.5 7000000 7100000 0.36286
BX284602.5 7100000 7200000 0.35463
BX284602.5 7200000 7300000 0.34898
BX284602.5 7300000 7400000 0.35116
BX284602.5 7400000 7500000 0.35833
BX284602.5 7500000 7600000 0.35844
BX284602.5 7600000 7700000 0.36181
BX284602.5 7700000 7800000 0.3574
BX284602.5 7800000 7900000 0.35827
BX284602.5 7900000 8000000 0.3352
BX284602.5 8000000 8100000 0.35356
BX284602.5 8100000 8200000 0.35674
BX284602.5 8200000 8300000 0.36261
BX284602.5 8300000 8400000 0.34564
BX284602.5 8400000 8500000 0.35882
BX284602.5 8500000 8600000 0.35025
BX284602.5 8600000 8700000 0.35421
BX284602.5 8700000 8800000 0.35647
BX284602.5 8800000 8900000 0.35354
BX284602.5 8900000 9000000 0.36464
BX284602.5 9000000 9100000 0.36031
BX284602.5 9100000 9200000 0.34726
BX284602.5 9200000 9300000 0.35974
BX284602.5 9300000 9400000 0.35195
BX284602.5 9400000 9500000 0.34277
BX284602.5 9500000 9600000 0.34573
BX284602.5 9600000 9700000 0.3561
BX284602.5 9700000 9800000 0.34745
BX284602.5 9800000 9900000 0.34214
BX284602.5 9900000 10000000 0.36341
BX284602.5 10000000 10100000 0.36546
BX284602.5 10100000 10200000 0.36776
BX284602.5 10200000 10300000 0.35044
BX284602.5 10300000 10400000 0.36449
BX284602.5 10400000 10500000 0.35247
BX284602.5 10500000 10600000 0.36879
BX284602.5 10600000 10700000 0.35579
BX284602.5 10700000 10800000 0.36886
BX284602.5 10800000 10900000 0.3549
BX284602.5 10900000 11000000 0.36854
BX284602.5 11000000 11100000 0.37659
BX284602.5 11100000 11200000 0.35887
BX284602.5 11200000 11300000 0.39245
BX284602.5 11300000 11400000 0.36627
BX284602.5 11400000 11500000 0.36641
BX284602.5 11500000 11600000 0.37716
BX284602.5 11600000 11700000 0.38446
BX284602.5 11700000 11800000 0.38032
BX284602.5 11800000 11900000 0.38236
BX284602.5 11900000 12000000 0.36032
BX284602.5 12000000 12100000 0.31896
BX284602.5 12100000 12200000 0.33769
BX284602.5 12200000 12300000 0.333
BX284602.5 12300000 12400000 0.35165
BX284602.5 12400000 12500000 0.37112
BX284602.5 12500000 12600000 0.35058
BX284602.5 12600000 12700000 0.36369
BX284602.5 12700000 12800000 0.37016
BX284602.5 12800000 12900000 0.37241
BX284602.5 12900000 13000000 0.38189
BX284602.5 13000000 13100000 0.37945
BX284602.5 13100000 13200000 0.37899
BX284602.5 13200000 13300000 0.37662
BX284602.5 13300000 13400000 0.34153
BX284602.5 13400000 13500000 0.35451
BX284602.5 13500000 13600000 0.35754
BX284602.5 13600000 13700000 0.37511
BX284602.5 13700000 13800000 0.36797
BX284602.5 13800000 13900000 0.35635
BX284602.5 13900000 14000000 0.38748
BX284602.5 14000000 14100000 0.38956
BX284602.5 14100000 14200000 0.37596
BX284602.5 14200000 14300000 0.36248
BX284602.5 14300000 14400000 0.36845
BX284602.5 14400000 14500000 0.35317
BX284602.5 14500000 14600000 0.34521
BX284602.5 14600000 14700000 0.37964
BX284602.5 14700000 14800000 0.37961
BX284602.5 14800000 14900000 0.35819
BX284602.5 14900000 15000000 0.34644
BX284602.5 15000000 15100000 0.34441
BX284602.5 15100000 15200000 0.36737
BX284602.5 15200000 15279421 0.368051
BX284603.4 0 100000 0.36847
BX284603.4 100000 200000 0.36512
BX284603.4 200000 300000 0.35678
BX284603.4 300000 400000 0.35986
BX284603.4 400000 500000 0.35287
BX284603.4 500000 600000 0.36103
BX284603.4 600000 700000 0.36358
BX284603.4 700000 800000 0.36649
BX284603.4 800000 900000 0.36781
BX284603.4 900000 1000000 0.3566
BX284603.4 1000000 1100000 0.35826
BX284603.4 1100000 1200000 0.36955
BX284603.4 1200000 1300000 0.35046
BX284603.4 1300000 1400000 0.34043
BX284603.4 1400000 1500000 0.33781
BX284603.4 1500000 1600000 0.34652
BX284603.4 1600000 1700000 0.34638
BX284603.4 1700000 1800000 0.35002
BX284603.4 1800000 1900000 0.35322
BX284603.4 1900000 2000000 0.3676
BX284603.4 2000000 2100000 0.33632
BX284603.4 2100000 2200000 0.35143
BX284603.4 2200000 2300000 0.33611
BX284603.4 2300000 2400000 0.33259
BX284603.4 2400000 2500000 0.35541
BX284603.4 2500000 2600000 0.34963
BX284603.4 2600000 2700000 0.35776
BX284603.4 2700000 2800000 0.34982
BX284603.4 2800000 2900000 0.3432
BX284603.4 2900000 3000000 0.36035
BX284603.4 3000000 3100000 0.34882
BX284603.4 3100000 3200000 0.34257
BX284603.4 3200000 3300000 0.34555
BX284603.4 3300000 3400000 0.35498
BX284603.4 3400000 3500000 0.35906
BX284603.4 3500000 3600000 0.35419
BX284603.4 3600000 3700000 0.34314
BX284603.4 3700000 3800000 0.36791
BX284603.4 3800000 3900000 0.37242
BX284603.4 3900000 4000000 0.35015
BX284603.4 4000000 4100000 0.36059
BX284603.4 4100000 4200000 0.35714
BX284603.4 4200000 4300000 0.35307
BX284603.4 4300000 4400000 0.34472
BX284603.4 4400000 4500000 0.36805
BX284603.4 4500000 4600000 0.36151
BX284603.4 4600000 4700000 0.35664
BX284603.4 4700000 4800000 0.3676
BX284603.4 4800000 4900000 0.35025
BX284603.4 4900000 5000000 0.35853
BX284603.4 5000000 5100000 0.35263
BX284603.4 5100000 5200000 0.36844
BX284603.4 5200000 5300000 0.34797
BX284603.4 5300000 5400000 0.35413
BX284603.4 5400000 5500000 0.36302
BX284603.4 5500000 5600000 0.37384
BX284603.4 5600000 5700000 0.36547
BX284603.4 5700000 5800000 0.36031
BX284603.4 5800000 5900000 0.36291
BX284603.4 5900000 6000000 0.36036
BX284603.4 6000000 6100000 0.36036
BX284603.4 6100000 6200000 0.3559
BX284603.4 6200000 6300000 0.35567
BX284603.4 6300000 6400000 0.36842
BX284603.4 6400000 6500000 0.36259
BX284603.4 6500000 6600000 0.35653
BX284603.4 6600000 6700000 0.3443
BX284603.4 6700000 6800000 0.38704
BX284603.4 6800000 6900000 0.35696
BX284603.4 6900000 7000000 0.36438
BX284603.4 7000000 7100000 0.35075
BX284603.4 7100000 7200000 0.34926
BX284603.4 7200000 7300000 0.34794
BX284603.4 7300000 7400000 0.35425
BX284603.4 7400000 7500000 0.36434
BX284603.4 7500000 7600000 0.35102
BX284603.4 7600000 7700000 0.36576
BX284603.4 7700000 7800000 0.36033
BX284603.4 7800000 7900000 0.34805
BX284603.4 7900000 8000000 0.35288
BX284603.4 8000000 8100000 0.34414
BX284603.4 8100000 8200000 0.35853
BX284603.4 8200000 8300000 0.35588
BX284603.4 8300000 8400000 0.35332
BX284603.4 8400000 8500000 0.35501
BX284603.4 8500000 8600000 0.34905
BX284603.4 8600000 8700000 0.34971
BX284603.4 8700000 8800000 0.34382
BX284603.4 8800000 8900000 0.36094
BX284603.4 8900000 9000000 0.35765
BX284603.4 9000000 9100000 0.35988
BX284603.4 9100000 9200000 0.35939
BX284603.4 9200000 9300000 0.35011
BX284603.4 9300000 9400000 0.3604
BX284603.4 9400000 9500000 0.35687
BX284603.4 9500000 9600000 0.34627
BX284603.4 9600000 9700000 0.35959
BX284603.4 9700000 9800000 0.36033
BX284603.4 9800000 9900000 0.34887
BX284603.4 9900000 10000000 0.35255
BX284603.4 10000000 10100000 0.34968
BX284603.4 10100000 10200000 0.35555
BX284603.4 10200000 10300000 0.3649
BX284603.4 10300000 10400000 0.36962
BX284603.4 10400000 10500000 0.36264
BX284603.4 10500000 10600000 0.36322
BX284603.4 10600000 10700000 0.34609
BX284603.4 10700000 10800000 0.35388
BX284603.4 10800000 10900000 0.34486
BX284603.4 10900000 11000000 0.37562
BX284603.4 11000000 11100000 0.35254
BX284603.4 11100000 11200000 0.35228
BX284603.4 11200000 11300000 0.34983
BX284603.4 11300000 11400000 0.35424
BX284603.4 11400000 11500000 0.37284
BX284603.4 11500000 11600000 0.368
BX284603.4 11600000 11700000 0.34813
BX284603.4 11700000 11800000 0.35875
BX284603.4 11800000 11900000 0.37534
BX284603.4 11900000 12000000 0.35797
BX284603.4 12000000 12100000 0.36186
BX284603.4 12100000 12200000 0.35101
BX284603.4 12200000 12300000 0.36295
BX284603.4 12300000 12400000 0.36687
BX284603.4 12400000 12500000 0.35819
BX284603.4 12500000 12600000 0.35204
BX284603.4 12600000 12700000 0.34442
BX284603.4 12700000 12800000 0.35832
BX284603.4 12800000 12900000 0.3617
BX284603.4 12900000 13000000 0.3636
BX284603.4 13000000 13100000 0.35299
BX284603.4 13100000 13200000 0.3232
BX284603.4 13200000 13300000 0.36835
BX284603.4 13300000 13400000 0.35401
BX284603.4 13400000 13500000 0.35123
BX284603.4 13500000 13600000 0.3764
BX284603.4 13600000 13700000 0.37908
BX284603.4 13700000 13783801 0.377478
BX284604.4 0 100000 0.34712
BX284604.4 100000 200000 0.37007
BX284604.4 200000 300000 0.35185
BX284604.4 300000 400000 0.36353
BX284604.4 400000 500000 0.35357
BX284604.4 500000 600000 0.37406
BX284604.4 600000 700000 0.37465
BX284604.4 700000 800000 0.36058
BX284604.4 800000 900000 0.34645
BX284604.4 900000 1000000 0.35153
BX284604.4 1000000 1100000 0.35806
BX284604.4 1100000 1200000 0.34892
BX284604.4 1200000 1300000 0.3636
BX284604.4 1300000 1400000 0.35337
BX284604.4 1400000 1500000 0.35449
BX284604.4 1500000 1600000 0.36997
BX284604.4 1600000 1700000 0.33939
BX284604.4 1700000 1800000 0.37264
BX284604.4 1800000 1900000 0.36451
BX284604.4 1900000 2000000 0.37727
BX284604.4 2000000 2100000 0.34493
BX284604.4 2100000 2200000 0.33874
BX284604.4 2200000 2300000 0.35216
BX284604.4 2300000 2400000 0.34954
BX284604.4 2400000 2500000 0.36651
BX284604.4 2500000 2600000 0.33888
BX284604.4 2600000 2700000 0.35131
BX284604.4 2700000 2800000 0.34751
BX284604.4 2800000 2900000 0.36648
BX284604.4 2900000 3000000 0.37181
BX284604.4 3000000 3100000 0.3712
BX284604.4 3100000 3200000 0.35425
BX284604.4 3200000 3300000 0.38379
BX284604.4 3300000 3400000 0.37399
BX284604.4 3400000 3500000 0.35752
BX284604.4 3500000 3600000 0.35699
BX284604.4 3600000 3700000 0.36204
BX284604.4 3700000 3800000 0.35743
BX284604.4 3800000 3900000 0.36802
BX284604.4 3900000 4000000 0.37298
BX284604.4 4000000 4100000 0.38487
BX284604.4 4100000 4200000 0.375
BX284604.4 4200000 4300000 0.38021
BX284604.4 4300000 4400000 0.37993
BX284604.4 4400000 4500000 0.37023
BX284604.4 4500000 4600000 0.37584
BX284604.4 4600000 4700000 0.373
BX284604.4 4700000 4800000 0.36892
BX284604.4 4800000 4900000 0.32149
BX284604.4 4900000 5000000 0.3338
BX284604.4 5000000 5100000 0.34814
BX284604.4 5100000 5200000 0.32557
BX284604.4 5200000 5300000 0.3423
BX284604.4 5300000 5400000 0.34592
BX284604.4 5400000 5500000 0.33932
BX284604.4 5500000 5600000 0.33177
BX284604.4 5600000 5700000 0.34035
BX284604.4 5700000 5800000 0.32815
BX284604.4 5800000 5900000 0.3255
BX284604.4 5900000 6000000 0.35189
BX284604.4 6000000 6100000 0.3339
BX284604.4 6100000 6200000 0.33061
BX284604.4 6200000 6300000 0.33156
BX284604.4 6300000 6400000 0.35531
BX284604.4 6400000 6500000 0.32374
BX284604.4 6500000 6600000 0.33761
BX284604.4 6600000 6700000 0.32394
BX284604.4 6700000 6800000 0.32488
BX284604.4 6800000 6900000 0.33048
BX284604.4 6900000 7000000 0.34555
BX284604.4 7000000 7100000 0.34605
BX284604.4 7100000 7200000 0.35743
BX284604.4 7200000 7300000 0.3423
BX284604.4 7300000 7400000 0.34874
BX284604.4 7400000 7500000 0.35345
BX284604.4 7500000 7600000 0.35983
BX284604.4 7600000 7700000 0.35628
BX284604.4 7700000 7800000 0.3509
BX284604.4 7800000 7900000 0.33218
BX284604.4 7900000 8000000 0.35294
BX284604.4 8000000 8100000 0.34651
BX284604.4 8100000 8200000 0.34389
BX284604.4 8200000 8300000 0.35446
BX284604.4 8300000 8400000 0.35277
BX284604.4 8400000 8500000 0.34929
BX284604.4 8500000 8600000 0.33596
BX284604.4 8600000 8700000 0.33686
BX284604.4 8700000 8800000 0.33461
BX284604.4 8800000 8900000 0.35536
BX284604.4 8900000 9000000 0.33825
BX284604.4 9000000 9100000 0.33704
BX284604.4 9100000 9200000 0.3347
BX284604.4 9200000 9300000 0.34198
BX284604.4 9300000 9400000 0.34664
BX284604.4 9400000 9500000 0.33349
BX284604.4 9500000 9600000 0.349
BX284604.4 9600000 9700000 0.33905
BX284604.4 9700000 9800000 0.34084
BX284604.4 9800000 9900000 0.35771
BX284604.4 9900000 10000000 0.35891
BX284604.4 10000000 10100000 0.35754
BX284604.4 10100000 10200000 0.35398
BX284604.4 10200000 10300000 0.35135
BX284604.4 10300000 10400000 0.35851
BX284604.4 10400000 10500000 0.33943
BX284604.4 10500000 10600000 0.34129
BX284604.4 10600000 10700000 0.35379
BX284604.4 10700000 10800000 0.34863
BX284604.4 10800000 10900000 0.35158
BX284604.4 10900000 11000000 0.35505
BX284604.4 11000000 11100000 0.34886
BX284604.4 11100000 11200000 0.3576
BX284604.4 11200000 11300000 0.34123
BX284604.4 11300000 11400000 0.35767
BX284604.4 11400000 11500000 0.35972
BX284604.4 11500000 11600000 0.35752
BX284604.4 11600000 11700000 0.35465
BX284604.4 11700000 11800000 0.35493
BX284604.4 11800000 11900000 0.36329
BX284604.4 11900000 12000000 0.36804
BX284604.4 12000000 12100000 0.35767
BX284604.4 12100000 12200000 0.35192
BX284604.4 12200000 12300000 0.34494
BX284604.4 12300000 12400000 0.36135
BX284604.4 12400000 12500000 0.36851
BX284604.4 12500000 12600000 0.36232
BX284604.4 12600000 12700000 0.33579
BX284604.4 12700000 12800000 0.36559
BX284604.4 12800000 12900000 0.34714
BX284604.4 12900000 13000000 0.35248
BX284604.4 13000000 13100000 0.38066
BX284604.4 13100000 13200000 0.34959
BX284604.4 13200000 13300000 0.34166
BX284604.4 13300000 13400000 0.36105
BX284604.4 13400000 13500000 0.35202
BX284604.4 13500000 13600000 0.34716
BX284604.4 13600000 13700000 0.33218
BX284604.4 13700000 13800000 0.32878
BX284604.4 13800000 13900000 0.33169
BX284604.4 13900000 14000000 0.31349
BX284604.4 14000000 14100000 0.33634
BX284604.4 14100000 14200000 0.32296
BX284604.4 14200000 14300000 0.34026
BX284604.4 14300000 14400000 0.31852
BX284604.4 14400000 14500000 0.32163
BX284604.4 14500000 14600000 0.31745
BX284604.4 14600000 14700000 0.31409
BX284604.4 14700000 14800000 0.33455
BX284604.4 14800000 14900000 0.31825
BX284604.4 14900000 15000000 0.30622
BX284604.4 15000000 15100000 0.34422
BX284604.4 15100000 15200000 0.32397
BX284604.4 15200000 15300000 0.30955
BX284604.4 15300000 15400000 0.30464
BX284604.4 15400000 15500000 0.30727
BX284604.4 15500000 15600000 0.32756
BX284604.4 15600000 15700000 0.30844
BX284604.4 15700000 15800000 0.31029
BX284604.4 15800000 15900000 0.31356
BX284604.4 15900000 16000000 0.32337
BX284604.4 16000000 16100000 0.29874
BX284604.4 16100000 16200000 0.3044
BX284604.4 16200000 16300000 0.33062
BX284604.4 16300000 16400000 0.34077
BX284604.4 16400000 16500000 0.33489
BX284604.4 16500000 16600000 0.31048
BX284604.4 16600000 16700000 0.32532
BX284604.4 16700000 16800000 0.32283
BX284604.4 16800000 16900000 0.32156
BX284604.4 16900000 17000000 0.33331
BX284604.4 17000000 17100000 0.31355
BX284604.4 17100000 17200000 0.3545
BX284604.4 17200000 17300000 0.34967
BX284604.4 17300000 17400000 0.351
BX284604.4 17400000 17493829 0.334417
BX284605.5 0 100000 0.34874
BX284605.5 100000 200000 0.35466
BX284605.5 200000 300000 0.34891
BX284605.5 300000 400000 0.37239
BX284605.5 400000 500000 0.36654
BX284605.5 500000 600000 0.35525
BX284605.5 600000 700000 0.35692
BX284605.5 700000 800000 0.36488
BX284605.5 800000 900000 0.36417
BX284605.5 900000 1000000 0.33892
BX284605.5 1000000 1100000 0.36075
BX284605.5 1100000 1200000 0.36441
BX284605.5 1200000 1300000 0.37356
BX284605.5 1300000 1400000 0.36208
BX284605.5 1400000 1500000 0.36306
BX284605.5 1500000 1600000 0.35737
BX284605.5 1600000 1700000 0.34832
BX284605.5 1700000 1800000 0.34256
BX284605.5 1800000 1900000 0.37578
BX284605.5 1900000 2000000 0.35296
BX284605.5 2000000 2100000 0.37077
BX284605.5 2100000 2200000 0.362
BX284605.5 2200000 2300000 0.36345
BX284605.5 2300000 2400000 0.3722
BX284605.5 2400000 2500000 0.37573
BX284605.5 2500000 2600000 0.36575
BX284605.5 2600000 2700000 0.38229
BX284605.5 2700000 2800000 0.37776
BX284605.5 2800000 2900000 0.35646
BX284605.5 2900000 3000000 0.34017
BX284605.5 3000000 3100000 0.34943
BX284605.5 3100000 3200000 0.36273
BX284605.5 3200000 3300000 0.35978
BX284605.5 3300000 3400000 0.36051
BX284605.5 3400000 3500000 0.34896
BX284605.5 3500000 3600000 0.36605
BX284605.5 3600000 3700000 0.34987
BX284605.5 3700000 3800000 0.38205
BX284605.5 3800000 3900000 0.35407
BX284605.5 3900000 4000000 0.34647
BX284605.5 4000000 4100000 0.33786
BX284605.5 4100000 4200000 0.3689
BX284605.5 4200000 4300000 0.33645
BX284605.5 4300000 4400000 0.36915
BX284605.5 4400000 4500000 0.36127
BX284605.5 4500000 4600000 0.36635
BX284605.5 4600000 4700000 0.35448
BX284605.5 4700000 4800000 0.35638
BX284605.5 4800000 4900000 0.35737
BX284605.5 4900000 5000000 0.34468
BX284605.5 5000000 5100000 0.34632
BX284605.5 5100000 5200000 0.3664
BX284605.5 5200000 5300000 0.35525
BX284605.5 5300000 5400000 0.34077
BX284605.5 5400000 5500000 0.35539
BX284605.5 5500000 5600000 0.35297
BX284605.5 5600000 5700000 0.35268
BX284605.5 5700000 5800000 0.35437
BX284605.5 5800000 5900000 0.35131
BX284605.5 5900000 6000000 0.34169
BX284605.5 6000000 6100000 0.33985
BX284605.5 6100000 6200000 0.38046
BX284605.5 6200000 6300000 0.35983
BX284605.5 6300000 6400000 0.36945
BX284605.5 6400000 6500000 0.36651
BX284605.5 6500000 6600000 0.35458
BX284605.5 6600000 6700000 0.35115
BX284605.5 6700000 6800000 0.35615
BX284605.5 6800000 6900000 0.35402
BX284605.5 6900000 7000000 0.34978
BX284605.5 7000000 7100000 0.35029
BX284605.5 7100000 7200000 0.34584
BX284605.5 7200000 7300000 0.35122
BX284605.5 7300000 7400000 0.33912
BX284605.5 7400000 7500000 0.34375
BX284605.5 7500000 7600000 0.3466
BX284605.5 7600000 7700000 0.34314
BX284605.5 7700000 7800000 0.3456
BX284605.5 7800000 7900000 0.36714
BX284605.5 7900000 8000000 0.33598
BX284605.5 8000000 8100000 0.34504
BX284605.5 8100000 8200000 0.33981
BX284605.5 8200000 8300000 0.34761
BX284605.5 8300000 8400000 0.34414
BX284605.5 8400000 8500000 0.36276
BX284605.5 8500000 8600000 0.35511
BX284605.5 8600000 8700000 0.35223
BX284605.5 8700000 8800000 0.35081
BX284605.5 8800000 8900000 0.40585
BX284605.5 8900000 9000000 0.34689
BX284605.5 9000000 9100000 0.33626
BX284605.5 9100000 9200000 0.35042
BX284605.5 9200000 9300000 0.34977
BX284605.5 9300000 9400000 0.35122
BX284605.5 9400000 9500000 0.34558
BX284605.5 9500000 9600000 0.34734
BX284605.5 9600000 9700000 0.36388
BX284605.5 9700000 9800000 0.35464
BX284605.5 9800000 9900000 0.3277
BX284605.5 9900000 10000000 0.35068
BX284605.5 10000000 10100000 0.34157
BX284605.5 10100000 10200000 0.33957
BX284605.5 10200000 10300000 0.34456
BX284605.5 10300000 10400000 0.35284
BX284605.5 10400000 10500000 0.34389
BX284605.5 10500000 10600000 0.33945
BX284605.5 10600000 10700000 0.34178
BX284605.5 10700000 10800000 0.35749
BX284605.5 10800000 10900000 0.35105
BX284605.5 10900000 11000000 0.34954
BX284605.5 11000000 11100000 0.34535
BX284605.5 11100000 11200000 0.34755
BX284605.5 11200000 11300000 0.34405
BX284605.5 11300000 11400000 0.35324
BX284605.5 11400000 11500000 0.3543
BX284605.5 11500000 11600000 0.34304
BX284605.5 11600000 11700000 0.34535
BX284605.5 11700000 11800000 0.35014
BX284605.5 11800000 11900000 0.34615
BX284605.5 11900000 12000000 0.35847
BX284605.5 12000000 12100000 0.34442
BX284605.5 12100000 12200000 0.33741
BX284605.5 12200000 12300000 0.35548
BX284605.5 12300000 12400000 0.34726
BX284605.5 12400000 12500000 0.34307
BX284605.5 12500000 12600000 0.34838
BX284605.5 12600000 12700000 0.3409
BX284605.5 12700000 12800000 0.34157
BX284605.5 12800000 12900000 0.33993
BX284605.5 12900000 13000000 0.34747
BX284605.5 13000000 13100000 0.35552
BX284605.5 13100000 13200000 0.36417
BX284605.5 13200000 13300000 0.34003
BX284605.5 13300000 13400000 0.35472
BX284605.5 13400000 13500000 0.34242
BX284605.5 13500000 13600000 0.34097
BX284605.5 13600000 13700000 0.36388
BX284605.5 13700000 13800000 0.34967
BX284605.5 13800000 13900000 0.3446
BX284605.5 13900000 14000000 0.34166
BX284605.5 14000000 14100000 0.3549
BX284605.5 14100000 14200000 0.35774
BX284605.5 14200000 14300000 0.35298
BX284605.5 14300000 14400000 0.35606
BX284605.5 14400000 14500000 0.36413
BX284605.5 14500000 14600000 0.34926
BX284605.5 14600000 14700000 0.35785
BX284605.5 14700000 14800000 0.36927
BX284605.5 14800000 14900000 0.35563
BX284605.5 14900000 15000000 0.34165
BX284605.5 15000000 15100000 0.36357
BX284605.5 15100000 15200000 0.3541
BX284605.5 15200000 15300000 0.34314
BX284605.5 15300000 15400000 0.35633
BX284605.5 15400000 15500000 0.34938
BX284605.5 15500000 15600000 0.37676
BX284605.5 15600000 15700000 0.34892
BX284605.5 15700000 15800000 0.35808
BX284605.5 15800000 15900000 0.34639
BX284605.5 15900000 16000000 0.35895
BX284605.5 16000000 16100000 0.36362
BX284605.5 16100000 16200000 0.35291
BX284605.5 16200000 16300000 0.35684
BX284605.5 16300000 16400000 0.35578
BX284605.5 16400000 16500000 0.36116
BX284605.5 16500000 16600000 0.36252
BX284605.5 16600000 16700000 0.35332
BX284605.5 16700000 16800000 0.36713
BX284605.5 16800000 16900000 0.36246
BX284605.5 16900000 17000000 0.36506
BX284605.5 17000000 17100000 0.37444
BX284605.5 17100000 17200000 0.38797
BX284605.5 17200000 17300000 0.35942
BX284605.5 17300000 17400000 0.3606
BX284605.5 17400000 17500000 0.37577
BX284605.5 17500000 17600000 0.37703
BX284605.5 17600000 17700000 0.3716
BX284605.5 17700000 17800000 0.36938
BX284605.5 17800000 17900000 0.352
BX284605.5 17900000 18000000 0.34939
BX284605.5 18000000 18100000 0.33777
BX284605.5 18100000 18200000 0.36821
BX284605.5 18200000 18300000 0.35268
BX284605.5 18300000 18400000 0.33699
BX284605.5 18400000 18500000 0.37726
BX284605.5 18500000 18600000 0.34541
BX284605.5 18600000 18700000 0.35641
BX284605.5 18700000 18800000 0.3557
BX284605.5 18800000 18900000 0.3437
BX284605.5 18900000 19000000 0.33129
BX284605.5 19000000 19100000 0.35314
BX284605.5 19100000 19200000 0.3162
BX284605.5 19200000 19300000 0.37569
BX284605.5 19300000 19400000 0.35513
BX284605.5 19400000 19500000 0.34532
BX284605.5 19500000 19600000 0.36271
BX284605.5 19600000 19700000 0.35778
BX284605.5 19700000 19800000 0.36948
BX284605.5 19800000 19900000 0.34005
BX284605.5 19900000 20000000 0.3506
BX284605.5 20000000 20100000 0.33127
BX284605.5 20100000 20200000 0.33506
BX284605.5 20200000 20300000 0.33656
BX284605.5 20300000 20400000 0.36708
BX284605.5 20400000 20500000 0.35427
BX284605.5 20500000 20600000 0.36072
BX284605.5 20600000 20700000 0.37585
BX284605.5 20700000 20800000 0.35263
BX284605.5 20800000 20900000 0.35236
BX284605.5 20900000 20924180 0.347849
BX284606.5 0 100000 0.35678
BX284606.5 100000 200000 0.36147
BX284606.5 200000 300000 0.35097
BX284606.5 300000 400000 0.3491
BX284606.5 400000 500000 0.35089
BX284606.5 500000 600000 0.35594
BX284606.5 600000 700000 0.34287
BX284606.5 700000 800000 0.34524
BX284606.5 800000 900000 0.35212
BX284606.5 900000 1000000 0.34801
BX284606.5 1000000 1100000 0.34675
BX284606.5 1100000 1200000 0.35516
BX284606.5 1200000 1300000 0.3466
BX284606.5 1300000 1400000 0.36227
BX284606.5 1400000 1500000 0.36835
BX284606.5 1500000 1600000 0.37465
BX284606.5 1600000 1700000 0.36767
BX284606.5 1700000 1800000 0.36367
BX284606.5 1800000 1900000 0.35168
BX284606.5 1900000 2000000 0.35148
BX284606.5 2000000 2100000 0.35003
BX284606.5 2100000 2200000 0.35126
BX284606.5 2200000 2300000 0.3534
BX284606.5 2300000 2400000 0.35668
BX284606.5 2400000 2500000 0.35135
BX284606.5 2500000 2600000 0.34809
BX284606.5 2600000 2700000 0.34453
BX284606.5 2700000 2800000 0.35139
BX284606.5 2800000 2900000 0.34931
BX284606.5 2900000 3000000 0.34726
BX284606.5 3000000 3100000 0.35848
BX284606.5 3100000 3200000 0.36569
BX284606.5 3200000 3300000 0.36066
BX284606.5 3300000 3400000 0.34804
BX284606.5 3400000 3500000 0.35923
BX284606.5 3500000 3600000 0.36302
BX284606.5 3600000 3700000 0.35295
BX284606.5 3700000 3800000 0.37215
BX284606.5 3800000 3900000 0.36035
BX284606.5 3900000 4000000 0.35385
BX284606.5 4000000 4100000 0.33545
BX284606.5 4100000 4200000 0.35414
BX284606.5 4200000 4300000 0.35317
BX284606.5 4300000 4400000 0.35165
BX284606.5 4400000 4500000 0.35069
BX284606.5 4500000 4600000 0.35933
BX284606.5 4600000 4700000 0.35909
BX284606.5 4700000 4800000 0.35053
BX284606.5 4800000 4900000 0.36496
BX284606.5 4900000 5000000 0.36232
BX284606.5 5000000 5100000 0.3425
BX284606.5 5100000 5200000 0.35114
BX284606.5 5200000 5300000 0.36071
BX284606.5 5300000 5400000 0.34328
BX284606.5 5400000 5500000 0.36577
BX284606.5 5500000 5600000 0.35773
BX284606.5 5600000 5700000 0.35198
BX284606.5 5700000 5800000 0.35258
BX284606.5 5800000 5900000 0.35946
BX284606.5 5900000 6000000 0.34795
BX284606.5 6000000 6100000 0.34996
BX284606.5 6100000 6200000 0.34395
BX284606.5 6200000 6300000 0.35791
BX284606.5 6300000 6400000 0.35086
BX284606.5 6400000 6500000 0.34843
BX284606.5 6500000 6600000 0.34373
BX284606.5 6600000 6700000 0.34407
BX284606.5 6700000 6800000 0.35238
BX284606.5 6800000 6900000 0.36022
BX284606.5 6900000 7000000 0.34838
BX284606.5 7000000 7100000 0.3448
BX284606.5 7100000 7200000 0.34316
BX284606.5 7200000 7300000 0.36552
BX284606.5 7300000 7400000 0.37546
BX284606.5 7400000 7500000 0.35001
BX284606.5 7500000 7600000 0.35894
BX284606.5 7600000 7700000 0.35793
BX284606.5 7700000 7800000 0.35732
BX284606.5 7800000 7900000 0.34043
BX284606.5 7900000 8000000 0.34426
BX284606.5 8000000 8100000 0.34268
BX284606.5 8100000 8200000 0.3488
BX284606.5 8200000 8300000 0.34505
BX284606.5 8300000 8400000 0.34676
BX284606.5 8400000 8500000 0.34805
BX284606.5 8500000 8600000 0.35104
BX284606.5 8600000 8700000 0.33599
BX284606.5 8700000 8800000 0.34145
BX284606.5 8800000 8900000 0.34137
BX284606.5 8900000 9000000 0.33427
BX284606.5 9000000 9100000 0.3414
BX284606.5 9100000 9200000 0.35612
BX284606.5 9200000 9300000 0.34201
BX284606.5 9300000 9400000 0.33783
BX284606.5 9400000 9500000 0.34966
BX284606.5 9500000 9600000 0.3436
BX284606.5 9600000 9700000 0.34101
BX284606.5 9700000 9800000 0.35559
BX284606.5 9800000 9900000 0.36028
BX284606.5 9900000 10000000 0.34795
BX284606.5 10000000 10100000 0.34668
BX284606.5 10100000 10200000 0.35486
BX284606.5 10200000 10300000 0.33477
BX284606.5 10300000 10400000 0.35276
BX284606.5 10400000 10500000 0.3392
BX284606.5 10500000 10600000 0.35319
BX284606.5 10600000 10700000 0.34278
BX284606.5 10700000 10800000 0.34985
BX284606.5 10800000 10900000 0.34826
BX284606.5 10900000 11000000 0.34741
BX284606.5 11000000 11100000 0.35379
BX284606.5 11100000 11200000 0.34501
BX284606.5 11200000 11300000 0.35433
BX284606.5 11300000 11400000 0.35399
BX284606.5 11400000 11500000 0.36218
BX284606.5 11500000 11600000 0.35776
BX284606.5 11600000 11700000 0.34725
BX284606.5 11700000 11800000 0.33451
BX284606.5 11800000 11900000 0.34428
BX284606.5 11900000 12000000 0.33557
BX284606.5 12000000 12100000 0.35412
BX284606.5 12100000 12200000 0.3487
BX284606.5 12200000 12300000 0.34917
BX284606.5 12300000 12400000 0.34784
BX284606.5 12400000 12500000 0.35196
BX284606.5 12500000 12600000 0.34411
BX284606.5 12600000 12700000 0.36144
BX284606.5 12700000 12800000 0.35175
BX284606.5 12800000 12900000 0.35313
BX284606.5 12900000 13000000 0.34891
BX284606.5 13000000 13100000 0.33982
BX284606.5 13100000 13200000 0.34245
BX284606.5 13200000 13300000 0.34776
BX284606.5 13300000 13400000 0.33955
BX284606.5 13400000 13500000 0.34515
BX284606.5 13500000 13600000 0.35741
BX284606.5 13600000 13700000 0.34926
BX284606.5 13700000 13800000 0.34094
BX284606.5 13800000 13900000 0.33887
BX284606.5 13900000 14000000 0.3556
BX284606.5 14000000 14100000 0.34944
BX284606.5 14100000 14200000 0.35546
BX284606.5 14200000 14300000 0.34149
BX284606.5 14300000 14400000 0.3314
BX284606.5 14400000 14500000 0.34555
BX284606.5 14500000 14600000 0.35718
BX284606.5 14600000 14700000 0.36031
BX284606.5 14700000 14800000 0.36402
BX284606.5 14800000 14900000 0.35551
BX284606.5 14900000 15000000 0.35793
BX284606.5 15000000 15100000 0.35408
BX284606.5 15100000 15200000 0.36368
BX284606.5 15200000 15300000 0.36295
BX284606.5 15300000 15400000 0.36056
BX284606.5 15400000 15500000 0.36206
BX284606.5 15500000 15600000 0.3635
BX284606.5 15600000 15700000 0.35047
BX284606.5 15700000 15800000 0.36473
BX284606.5 15800000 15900000 0.35494
BX284606.5 15900000 16000000 0.35295
BX284606.5 16000000 16100000 0.34872
BX284606.5 16100000 16200000 0.35815
BX284606.5 16200000 16300000 0.35243
BX284606.5 16300000 16400000 0.35821
BX284606.5 16400000 16500000 0.35152
BX284606.5 16500000 16600000 0.35291
BX284606.5 16600000 16700000 0.35979
BX284606.5 16700000 16800000 0.35408
BX284606.5 16800000 16900000 0.38088
BX284606.5 16900000 17000000 0.35421
BX284606.5 17000000 17100000 0.35069
BX284606.5 17100000 17200000 0.3642
BX284606.5 17200000 17300000 0.34837
BX284606.5 17300000 17400000 0.34637
BX284606.5 17400000 17500000 0.36417
BX284606.5 17500000 17600000 0.33929
BX284606.5 17600000 17700000 0.3607
BX284606.5 17700000 17718942 0.394784
